   index  lev     parent      ncell             peak_x             peak_y             peak_z               rho-               rho+             rho_av            mass_cl          relevance   MLADEN
       1    0          1       1744    3.825901555E-01    2.800292969E-01    2.231445308E-01    8.021226369E+01    7.636290308E+04    3.579365996E+02    2.774258951E-03    9.108473793E+01   mladen
       5    0          5        788    1.828322651E-02    3.784775669E-01    1.480151965E-01    8.024512792E+01    2.842221326E+04    4.020183811E+02    1.699815923E-03    3.552776657E+02   mladen
       6    0          6        601    1.660156151E-02    3.813692228E-01    7.873784627E-02    8.050880221E+01    2.828048795E+04    3.069321674E+02    1.274332034E-03    3.535060994E+02   mladen
       7    0          7        807    4.607511271E-01    4.441778008E-01    1.306047868E-01    8.009251989E+01    2.297386114E+04    3.499556562E+02    1.613637855E-03    2.871732642E+02   mladen
       8    0          8        114    4.723094116E-01    3.745117188E-01    1.901112374E-01    8.025661476E+01    2.257004165E+04    5.179577389E+02    2.339570814E-04    4.403517993E+01   mladen
       9    0          9        911    4.033203115E-01    2.778700693E-01    1.735654810E-01    8.007822894E+01    2.113284598E+04    3.207784259E+02    2.252561349E-03    1.841742390E+02   mladen
      10    0         10        252    1.478706245E-01    2.699538293E-01    7.812500990E-03    8.056417139E+01    2.075357244E+04    3.779915028E+02    4.361676723E-04    2.594196554E+02   mladen
      11    0         11        251    1.000418228E-01    3.606995001E-01    5.790910511E-02    8.052877757E+01    1.940952199E+04    3.934689915E+02    4.716167152E-04    2.426190248E+02   mladen
      13    0          8        384    4.692382812E-01    3.619967140E-01    1.855468740E-01    8.009689944E+01    1.853467761E+04    3.815113828E+02    7.706677442E-04    5.702129208E+01   mladen
      33    0         33         53    4.615439187E-01    4.365234375E-01    6.509209907E-02    8.164534955E+01    3.678067326E+03    3.324868758E+02    1.486332159E-04    4.597584157E+01   mladen
      36    0         36        135    4.443359375E-01    3.330193741E-01    1.933593730E-01    8.115427275E+01    3.538177611E+03    2.111077869E+02    4.765813010E-04    3.354950383E+01   mladen
      38    0         38        265    4.482423236E-01    4.858937791E-01    1.904513332E-01    8.005623312E+01    3.430028774E+03    3.792785633E+02    1.025781918E-03    4.287535967E+01   mladen
      39    0         39         97    5.162101934E-02    3.164062520E-01    1.201527532E-02    8.173565633E+01    3.386655463E+03    3.728328334E+02    2.694486442E-04    4.233319329E+01   mladen
      45    1          8         50    4.690921428E-01    3.723282543E-01    1.926441000E-01    8.307157513E+01    3.278306704E+03    1.951004528E+02    6.759294164E-05    1.350772161E+01   mladen
      59    0          1         28    3.784025457E-01    2.817009718E-01    2.167968760E-01    8.107255330E+01    2.646829972E+03    2.239687797E+02    4.088308739E-05    3.157106456E+00   mladen
      63    0         63        130    2.979197520E-01    2.531180035E-01    1.489917024E-02    8.101313000E+01    2.594502878E+03    2.401823223E+02    4.330584556E-04    3.243128597E+01   mladen
      78    0          8         30    4.697198757E-01    3.764648438E-01    1.881587903E-01    8.656157097E+01    2.237349470E+03    2.064940523E+02    4.346264137E-05    4.365170788E+00   mladen
      79    0          1         49    3.789062490E-01    2.846802595E-01    2.182617188E-01    8.193418962E+01    2.203562929E+03    1.856755407E+02    8.231173957E-05    3.573618303E+00   mladen
     216    0        216         14    4.900049533E-01    3.647667434E-01    1.659931240E-01    8.469868678E+01    4.161206116E+02    1.856879323E+02    1.549500854E-04    5.201507646E+00   mladen
     233    0        233          9    4.589843750E-01    4.414062460E-01    8.414989054E-02    9.422745426E+01    3.859594521E+02    2.057459860E+02    1.103707477E-04    4.824493151E+00   mladen
     253    0        253          8    4.679952290E-01    4.355468750E-01    3.450758397E-02    8.166421728E+01    3.624611460E+02    1.581449412E+02    7.540938434E-05    4.530764325E+00   mladen
     345    0        345         22    5.679295175E-03    3.898636233E-01    7.129289306E-02    8.164772221E+01    2.739922994E+02    1.074005252E+02    9.602355229E-05    3.424903743E+00   mladen
     536    0        536        569    4.105990928E-01    2.226562510E-01    7.543418978E-02    8.008777435E+01    2.638144570E+04    3.407101033E+02    1.035703139E-03    2.545517110E+02   mladen
     537    0        537        970    4.145507812E-01    1.940573629E-01    4.975585938E-01    8.049135257E+01    2.524901507E+04    3.517620801E+02    1.920742053E-03    1.323070652E+02   mladen
     538    0        538       1815    4.389729425E-01    2.617187490E-01    1.129202274E-01    8.004611865E+01    2.512059552E+04    3.767833832E+02    4.439322818E-03    3.140074440E+02   mladen
     539    0        539        423    3.974609385E-01    2.053340897E-01    2.094261477E-01    8.006590829E+01    2.444320200E+04    3.230738906E+02    7.654540032E-04    3.055400250E+02   mladen
     540    0        540        392    3.704295795E-01    2.493374164E-01    3.232421885E-01    8.056859377E+01    2.187805863E+04    3.400776971E+02    6.917209275E-04    4.187152345E+01   mladen
     541    0        541        462    3.901634412E-01    2.231445312E-01    4.609374990E-01    8.014295894E+01    2.025316764E+04    3.093133059E+02    9.235539088E-04    2.531645955E+02   mladen
     542    0        542       1032    3.613281260E-01    2.434234890E-01    3.900425127E-01    8.034123382E+01    1.963734764E+04    3.076550837E+02    2.108832277E-03    4.715902738E+01   mladen
     569    0        569         57    4.365079511E-01    2.148437520E-01    4.890325476E-01    8.022136784E+01    3.376995255E+03    4.605574627E+02    1.955909682E-04    4.221244069E+01   mladen
     575    0        575         96    3.753053498E-01    2.421875020E-01    4.886096569E-01    8.589343350E+01    3.187494830E+03    3.688553554E+02    2.638259092E-04    3.984368538E+01   mladen
     578    0        578        231    4.833984375E-01    2.789717390E-01    9.473884709E-02    8.062197807E+01    3.036036132E+03    3.242898305E+02    7.949125338E-04    3.795045165E+01   mladen
     581    0        542        277    3.733092418E-01    2.423228052E-01    4.003906270E-01    8.079641654E+01    2.940342299E+03    2.926668446E+02    7.413828907E-04    7.061222601E+00   mladen
     954    0        954       1057    6.591796875E-03    4.567880006E-01    3.203124995E-01    8.006907880E+01    1.562994010E+05    4.390093285E+02    1.398094370E-03    2.925491597E+02   mladen
     957    0        957        333    3.559570312E-01    2.004867691E-02    5.976562490E-01    8.023099351E+01    2.289198837E+04    2.720528122E+02    5.259938893E-04    2.861498547E+02   mladen
     958    0        954        585    1.007242171E-02    4.368621093E-01    3.090054722E-01    8.041176034E+01    2.242080239E+04    2.866112763E+02    1.019396320E-03    4.457728259E+01   mladen
     959    0        959        572    1.871286743E-01    2.651479020E-01    4.912109365E-01    8.034198568E+01    2.097312079E+04    3.438058177E+02    9.945229344E-04    2.621640099E+02   mladen
     960    0        960        539    3.017578135E-01    2.914793794E-01    3.392378052E-01    8.047867532E+01    2.002827221E+04    3.867610324E+02    1.033771935E-03    2.503534026E+02   mladen
     961    0        961        243    1.240234365E-01    3.715912173E-01    3.414399804E-01    8.228550155E+01    1.664683342E+04    3.315999017E+02    3.712094220E-04    2.080854178E+02   mladen
     964    0        964        205    3.403385975E-01    3.095703115E-01    3.033783333E-01    8.065381567E+01    1.347903371E+04    4.219006994E+02    3.555977093E-04    1.684879214E+02   mladen
     965    0        540        543    3.671874990E-01    2.592773438E-01    3.170149100E-01    8.030664353E+01    1.281445426E+04    3.143808157E+02    1.036183635E-03    2.452506099E+01   mladen
     971    0        971         29    1.210937520E-01    2.900390625E-01    4.357660436E-01    8.732470425E+01    4.210611992E+03    6.569187818E+02    1.419383636E-04    5.263264990E+01   mladen
     974    0        974        171    3.710937480E-01    2.548828125E-01    3.649333884E-01    8.016844248E+01    3.917474911E+03    2.604070103E+02    5.626531914E-04    2.288550156E+01   mladen
     982    0        982        102    2.041195034E-01    2.470703125E-01    5.797784879E-01    8.223807773E+01    3.425212354E+03    2.643102689E+02    3.662832828E-04    4.281515443E+01   mladen
     985    0        954          4    9.164565678E-03    4.624023438E-01    3.215410919E-01    1.814072738E+02    3.277723796E+03    1.009612803E+03    3.761100782E-06    6.134990513E+00   mladen
     999    0        954         38    1.464843750E-03    4.536132812E-01    3.178710938E-01    8.432553997E+01    2.922876390E+03    2.480611629E+02    5.891136503E-05    8.557178802E+00   mladen
    1002    0       1002        145    4.326171875E-01    1.523437480E-01    5.752434667E-01    8.004792494E+01    2.635880331E+03    3.598037930E+02    4.450040284E-04    3.294850414E+01   mladen
    1004    0       1004        118    3.031515915E-02    4.192877768E-01    2.746069388E-01    8.129423291E+01    2.489051996E+03    3.730156993E+02    3.863065109E-04    3.111314995E+01   mladen
    1007    0        954         16    1.464843750E-03    4.522616093E-01    3.203360040E-01    9.084197668E+01    2.391030876E+03    3.423381314E+02    2.295556055E-05    5.224719244E+00   mladen
    1013    0        954        134    2.680114337E-02    4.370200870E-01    3.041237703E-01    8.141934826E+01    2.135867824E+03    2.913058303E+02    3.212188399E-04    7.678254154E+00   mladen
    1022    0       1022         90    3.574218730E-01    2.611606757E-01    2.920452105E-01    8.025460484E+01    1.895245003E+03    2.054894444E+02    2.556796164E-04    1.272887321E+01   mladen
    1023    0       1023        113    3.274630571E-01    7.421874802E-02    5.812374805E-01    8.270938411E+01    1.889437549E+03    2.450747089E+02    3.341486433E-04    2.361796936E+01   mladen
    1026    0        954         14    1.171874901E-02    4.575290169E-01    3.149448160E-01    9.108619160E+01    1.830514907E+03    2.731668211E+02    2.137013988E-05    6.443137330E+00   mladen
    1041    0        954          8    4.364799809E-03    4.541015635E-01    3.256550820E-01    8.685616562E+01    1.465068527E+03    3.528761143E+02    4.929622369E-06    6.809568190E+00   mladen
    1225    0       1225          7    1.279296875E-01    2.867294958E-01    4.414062480E-01    8.067581779E+01    2.927393378E+02    1.144854205E+02    4.179615979E-05    3.659241723E+00   mladen
    1263    0       1263         17    4.228530108E-01    1.806845015E-01    5.068423574E-01    8.051805998E+01    2.681880218E+02    1.199145900E+02    1.089988648E-04    3.352350273E+00   mladen
    1440    0       1440        157    1.918945312E-01    5.147358269E-02    9.293768375E-01    8.514007800E+01    1.888211761E+04    4.987538536E+02    3.070349779E-04    2.360264701E+02   mladen
    1442    0       1442         90    3.857950871E-01    1.261115206E-01    7.236767516E-01    8.212560777E+01    4.038969003E+03    3.918322088E+02    2.627439707E-04    5.048711254E+01   mladen
    1443    0       1443        191    1.488485904E-02    1.712881497E-01    9.353758127E-01    8.152104089E+01    3.631921514E+03    3.534612471E+02    6.136035216E-04    6.503568840E+00   mladen
    1445    0       1445        145    2.103098419E-01    7.324218750E-02    8.925781230E-01    8.174417227E+01    3.505248272E+03    3.282445172E+02    4.230909159E-04    4.381560340E+01   mladen
    1446    0       1446        139    4.839054354E-01    4.785156250E-02    8.613281230E-01    8.049778531E+01    3.481626507E+03    3.102658049E+02    4.669553980E-04    4.352033134E+01   mladen
    1448    0       3815         63    1.953125990E-03    3.315429688E-01    8.949466988E-01    8.117690835E+01    3.262120560E+03    1.742419956E+02    1.067772816E-04    3.511460772E+00   mladen
    1449    0       1443        125    1.757812302E-02    1.808856242E-01    9.329422811E-01    8.040404867E+01    3.102970760E+03    2.442944290E+02    4.058901792E-04    5.556393183E+00   mladen
    1453    0       1453         95    2.773437480E-01    2.295979411E-01    7.532333834E-01    8.299707136E+01    2.361084422E+03    3.437997915E+02    2.433432653E-04    2.951355528E+01   mladen
    1454    0       3815          7    3.417968750E-03    3.286132812E-01    9.018554688E-01    1.710191956E+02    2.358667722E+03    2.980755490E+02    9.716157070E-06    9.010591128E+00   mladen
    1455    0       1455        114    4.697287443E-01    1.367187302E-02    7.470760500E-01    8.013699004E+01    2.292854427E+03    3.701323631E+02    3.143779143E-04    2.866068033E+01   mladen
    1458    0       1458         69    4.736328125E-01    1.092190762E-01    6.064570297E-01    8.091827879E+01    1.761538386E+03    3.640543685E+02    1.871567326E-04    2.201922982E+01   mladen
    1481    0       1481          9    2.343750396E-02    2.037761316E-01    8.564753090E-01    8.382316536E+01    4.061208424E+02    2.027394986E+02    1.087579422E-04    5.076510531E+00   mladen
    1493    0       1493         11    2.633748778E-01    2.128906250E-01    6.445312540E-01    8.127970221E+01    3.609755434E+02    1.392370755E+02    9.129094066E-05    4.512194293E+00   mladen
    1513    0       1513         10    2.675788599E-01    2.460937460E-01    9.632125697E-01    9.131868485E+01    3.226789685E+02    2.067077763E+02    1.232074358E-04    4.033487106E+00   mladen
    1609    0       1609       1142    4.724582271E-01    4.362820341E-01    9.862765866E-01    8.000821119E+01    1.407925793E+05    5.469800838E+02    1.577530591E-03    1.659795893E+02   mladen
    1610    0       1610        829    1.157226562E-01    3.417968740E-01    8.140685397E-01    8.032626492E+01    3.255179738E+04    3.755796778E+02    1.702757433E-03    4.068974673E+02   mladen
    1618    0       1618        353    1.960596046E-01    2.729492188E-01    8.115234365E-01    8.142970047E+01    1.337399195E+04    3.025740587E+02    6.399542906E-04    1.671748994E+02   mladen
    1629    0       1629        164    4.369849103E-01    3.564505884E-01    8.807360659E-01    8.127284016E+01    4.080402158E+03    3.668831550E+02    4.865616678E-04    5.100502697E+01   mladen
    1631    0       1631        109    3.995331895E-01    4.619140625E-01    7.070312480E-01    8.070165949E+01    3.749261982E+03    3.175992221E+02    3.076188182E-04    4.686577478E+01   mladen
    1635    0       1635         89    1.582031270E-01    4.364713875E-01    6.726700072E-01    8.018735932E+01    3.456007099E+03    3.135571431E+02    3.223932218E-04    4.320008873E+01   mladen
    1638    0       1638         57    2.395159483E-01    4.462901685E-01    6.031142078E-01    8.783427275E+01    3.237507497E+03    5.286621462E+02    2.245138760E-04    4.046884371E+01   mladen
    1639    0       1639         91    4.523748893E-01    4.619484285E-01    8.476562480E-01    8.328996556E+01    3.207655512E+03    2.764250497E+02    2.739171059E-04    4.009569390E+01   mladen
    1644    0       1609          3    4.682617188E-01    4.428215316E-01    9.897454512E-01    1.558677896E+02    3.156205270E+03    1.344125607E+03    3.755443563E-06    4.772093965E+00   mladen
    1649    0       1609          6    4.747038572E-01    4.399414062E-01    9.887681453E-01    8.387155414E+01    3.007626971E+03    7.296051981E+02    4.076986749E-06    3.545674720E+00   mladen
    1651    0       1651        109    4.322478047E-01    3.828125020E-01    8.560027913E-01    8.008644931E+01    2.912830972E+03    3.460824758E+02    2.991077840E-04    3.641038715E+01   mladen
    1652    0       1652         45    3.329236419E-01    3.458013396E-01    8.476562520E-01    8.095968618E+01    2.900410779E+03    3.914616192E+02    1.312477355E-04    3.625513474E+01   mladen
    1653    0       1609          9    4.692382812E-01    4.311523438E-01    9.809683328E-01    1.142644553E+02    2.846619411E+03    2.576356710E+02    7.198257494E-06    3.959108878E+00   mladen
    1655    0       1655         55    2.163445919E-01    4.033203125E-01    6.029169716E-01    8.255018114E+01    2.741059041E+03    3.138811042E+02    1.941035065E-04    3.426323802E+01   mladen
    1660    0       1660         53    3.974327809E-01    3.505645686E-01    5.301204664E-01    8.291111247E+01    2.409748025E+03    3.983749226E+02    1.780874681E-04    3.012185031E+01   mladen
    1670    0       1609          5    4.681249571E-01    4.428344343E-01    9.829101562E-01    9.758948600E+01    2.109173947E+03    3.552399593E+02    8.601917831E-06    4.890289049E+00   mladen
    1679    0       1679         42    2.471903562E-01    4.062499980E-01    6.399961548E-01    8.075389139E+01    1.735175347E+03    3.147290467E+02    1.149007923E-04    2.168969184E+01   mladen
    1718    0       1718         13    3.226916722E-01    3.378906250E-01    8.789062460E-01    8.234499826E+01    4.467876476E+02    1.489471153E+02    1.154132187E-04    5.584845595E+00   mladen
    1778    0       1778         22    3.223182017E-01    3.850359419E-01    6.310910185E-01    8.248057590E+01    2.655510716E+02    1.380090114E+02    1.809715182E-04    3.319388395E+00   mladen
    1791    0       1791         20    4.726562460E-01    4.472656250E-01    9.522286694E-01    8.015302483E+01    2.427402333E+02    1.336732819E+02    1.593509697E-04    3.034252916E+00   mladen
    1900    0       1900       1929    3.933585181E-01    5.706816277E-01    6.665039058E-01    8.002674392E+01    1.357311161E+05    4.723790986E+02    2.977000841E-03    3.114147011E+01   mladen
    1905    0       1905        419    2.142407221E-02    5.322265615E-01    6.499617263E-01    8.016935785E+01    2.655325870E+04    3.884084596E+02    8.276464004E-04    3.443344034E+01   mladen
    1907    0       1907        428    1.469726562E-01    7.177131897E-01    6.181640615E-01    8.062111266E+01    2.046158773E+04    3.493880511E+02    8.043714448E-04    2.075514930E+02   mladen
    1909    0       1909        540    5.115256842E-02    6.430664062E-01    6.601562510E-01    8.055018027E+01    1.683307633E+04    3.730171614E+02    1.182199828E-03    2.104134541E+02   mladen
    1910    0       1900        251    4.003906240E-01    5.708701629E-01    6.716012032E-01    8.101277717E+01    1.672148587E+04    3.656958385E+02    4.669362629E-04    3.836494293E+00   mladen
    1944    0       1944        145    4.482421875E-01    6.035156230E-01    5.305968513E-01    8.011233758E+01    3.467480704E+03    2.062048336E+02    5.669115751E-04    4.334350880E+01   mladen
    1947    0       1947        101    3.457031230E-01    5.364215068E-01    6.209299050E-01    8.008983066E+01    3.376126380E+03    2.567724540E+02    3.539242148E-04    4.220157975E+01   mladen
    1959    0       1959         85    4.365092706E-01    6.015625020E-01    5.885921828E-01    8.211058405E+01    2.940668232E+03    3.432613053E+02    2.889970503E-04    3.675835290E+01   mladen
    1961    0       1961        172    1.907399088E-01    7.158203125E-01    6.445312480E-01    8.042095210E+01    2.830321623E+03    3.825344089E+02    5.500699648E-04    3.537902029E+01   mladen
    1966    0       1966        102    1.992187480E-01    2.568359375E-01    5.408982567E-01    8.122481229E+01    2.716530194E+03    2.916295891E+02    3.280942735E-04    1.583350713E+01   mladen
    1969    0       1905         11    1.855667331E-02    5.277226084E-01    6.498915203E-01    1.071883312E+02    2.571676492E+03    2.494539978E+02    1.556558334E-05    3.334870121E+00   mladen
    1982    0       1900         21    3.928252454E-01    5.751953135E-01    6.709062339E-01    8.729033942E+01    1.909007482E+03    2.268232590E+02    3.253182571E-05    5.229182123E+00   mladen
    1988    0       1900          7    3.871896210E-01    5.737303007E-01    6.713867188E-01    1.404001911E+02    1.589369537E+03    3.171854680E+02    8.271255628E-06    4.701716899E+00   mladen
    1995    0       1900         13    4.003859378E-01    5.688476562E-01    6.609365417E-01    1.422323628E+02    1.228783126E+03    3.418382154E+02    8.595764466E-06    3.964811485E+00   mladen
    2061    0       2061         15    2.336554943E-01    2.636718750E-01    7.498805752E-01    8.111719477E+01    4.039604785E+02    1.680917718E+02    1.502857552E-04    5.049505981E+00   mladen
    2066    0       2066          4    4.101562460E-01    7.483103128E-01    6.195527936E-01    8.125415060E+01    3.983348622E+02    2.103223653E+02    5.014475948E-05    4.979185777E+00   mladen
    2082    0       2082         17    2.129154601E-01    5.070446963E-01    5.958033339E-01    8.153452790E+01    3.809312265E+02    1.471323528E+02    1.490861176E-04    4.761640331E+00   mladen
    2140    0       2140         19    4.162742627E-01    6.002289364E-01    6.745408709E-01    8.108467908E+01    2.994847499E+02    1.389081322E+02    1.573118277E-04    3.743559373E+00   mladen
    2293    0       2293       2373    4.284667969E-01    6.267089844E-01    6.455078120E-01    8.004526949E+01    9.274932039E+04    3.357349890E+02    4.509904994E-03    2.503853476E+02   mladen
    2294    1       2293       1533    4.279074043E-01    6.544923998E-01    6.662597656E-01    8.019112149E+01    9.025109167E+04    3.584114356E+02    2.340081492E-03    1.381749477E+02   mladen
    2304    0       2304        929    3.370303594E-01    5.735103759E-01    6.665036385E-01    8.033011264E+01    2.544494943E+04    3.858373149E+02    2.071948683E-03    5.386652548E+01   mladen
    2308    0       2308        384    2.544619092E-01    5.434570312E-01    6.472259330E-01    8.000596019E+01    1.908577634E+04    3.421549245E+02    6.465542520E-04    1.859245600E+02   mladen
    2311    1       2304        585    3.152605019E-01    5.632665829E-01    6.638810991E-01    8.003458271E+01    1.450922242E+04    2.750279183E+02    1.083983248E-03    3.363030398E+01   mladen
    2338    0       2304        148    3.310826518E-01    5.664062480E-01    6.676240617E-01    8.065733619E+01    3.532333609E+03    2.907590686E+02    3.357802006E-04    7.477890214E+00   mladen
    2347    0       2347         84    4.050847047E-01    5.064083060E-01    7.031250020E-01    8.282075130E+01    3.180210612E+03    3.203474612E+02    2.171964866E-04    3.975263265E+01   mladen
    2350    0       2350        107    4.851861274E-01    5.202702678E-01    8.496093770E-01    8.636997962E+01    2.962850863E+03    3.388996095E+02    3.231998534E-04    2.697175602E+01   mladen
    2361    0       2361         48    2.418368192E-01    5.361328125E-01    7.744140625E-01    8.178165025E+01    2.639313776E+03    4.588558618E+02    1.640996439E-04    3.299142220E+01   mladen
    2366    0       2366        136    2.805478836E-01    5.439453125E-01    6.582031230E-01    8.027793951E+01    2.536539740E+03    2.524378067E+02    4.137778094E-04    2.470976432E+01   mladen
    2382    0       2294          5    4.228515615E-01    6.577226335E-01    6.626198195E-01    8.858715770E+01    2.180742691E+03    3.129108954E+02    3.497051768E-06    3.338729778E+00   mladen
    2388    0       2388        104    4.765625020E-01    5.001083442E-01    8.466615340E-01    8.024127389E+01    1.995088636E+03    2.984586695E+02    2.779612965E-04    1.816191446E+01   mladen
    2398    0       2398        102    4.769771016E-01    9.884260612E-01    7.721060342E-01    8.098657844E+01    1.753515731E+03    2.350748684E+02    3.012484116E-04    2.191894664E+01   mladen
    2449    0       2449         28    4.389145144E-01    6.445312480E-01    6.689544879E-01    8.311518508E+01    5.985090515E+02    2.019535784E+02    4.213079956E-05    3.216416811E+00   mladen
    2521    0       2521          6    4.154984584E-01    7.865362861E-01    6.914062540E-01    9.017243531E+01    3.641067007E+02    2.167353258E+02    7.751059264E-05    4.551333759E+00   mladen
    2548    0       2548          9    4.862584319E-01    5.078125040E-01    8.213757852E-01    8.315343166E+01    3.377912646E+02    1.516649397E+02    8.135941371E-05    4.222390808E+00   mladen
    2582    0       2582         18    4.057212146E-01    5.294482198E-01    6.953124960E-01    8.238323045E+01    2.923258977E+02    1.447006442E+02    1.552469489E-04    3.654073722E+00   mladen
    2710    0       2710       1746    4.330552660E-01    9.750976562E-01    7.226562510E-01    8.005499282E+01    3.217956463E+04    4.787250159E+02    4.389367795E-03    7.361574786E+00   mladen
    2711    0       2710        394    4.309215042E-01    9.663085938E-01    7.112461074E-01    8.032383137E+01    3.004186818E+04    3.652197301E+02    6.768733849E-04    2.918537243E+01   mladen
    2712    0       2712        822    2.831321961E-01    8.364257812E-01    5.429687490E-01    8.004352903E+01    2.209378946E+04    4.115046297E+02    1.699301906E-03    2.761723683E+02   mladen
    2713    0       2713        367    1.606456889E-01    8.164062490E-01    4.381817012E-01    8.065799377E+01    1.991133661E+04    4.037780022E+02    7.013287154E-04    2.488917076E+02   mladen
    2714    0       2714        522    3.657257608E-01    9.868167074E-01    6.140453142E-01    8.001734617E+01    1.692739899E+04    3.410002827E+02    9.594129901E-04    1.141522524E+02   mladen
    2715    0       2715        560    3.691406260E-01    9.467602979E-01    6.205929077E-01    8.037675095E+01    1.631874807E+04    4.038110618E+02    1.166218987E-03    1.424539448E+02   mladen
    2717    0       2710        427    4.360351562E-01    9.751123600E-01    7.304687490E-01    8.012749006E+01    1.565274238E+04    4.165371224E+02    9.395674899E-04    3.580807725E+00   mladen
    2749    0       2749         55    3.267833553E-01    8.114251659E-01    5.664062520E-01    8.143326668E+01    3.090131819E+03    4.658415885E+02    1.908934665E-04    3.862664774E+01   mladen
    2750    0       2750         83    6.552784876E-02    5.322265625E-01    4.960937480E-01    8.009950840E+01    3.062136800E+03    3.640048611E+02    2.820529457E-04    3.827671000E+01   mladen
    2766    0       2766        111    5.664062302E-02    5.264117488E-01    3.565536567E-01    8.554161106E+01    1.845771015E+03    2.949052439E+02    3.976959672E-04    2.307213769E+01   mladen
    2826    0       2826         20    3.789062480E-01    9.541490551E-01    6.299813540E-01    9.213948296E+01    5.019158688E+02    1.600573467E+02    9.063153232E-05    4.381457153E+00   mladen
    2848    0       2848         12    2.109374960E-01    7.988281250E-01    5.387027903E-01    8.135354910E+01    4.331763925E+02    1.727927638E+02    1.235910157E-04    5.414704907E+00   mladen
    2850    0       2850         12    1.874999960E-01    6.425781250E-01    4.397776320E-01    8.249485169E+01    4.235563739E+02    1.543545867E+02    1.104030037E-04    5.294454674E+00   mladen
    2905    0       2905          5    3.783848226E-02    9.517790141E-01    7.177864725E-01    1.024580901E+02    3.274488315E+02    1.916180208E+02    5.710662032E-05    4.093110393E+00   mladen
    3057    0       3057        331    4.160156240E-01    5.239640911E-01    3.013893471E-01    8.008132067E+01    1.858341636E+04    3.358611169E+02    5.567751715E-04    2.322927045E+02   mladen
    3058    0       3058        190    3.761825789E-01    8.429753996E-01    3.988359599E-01    8.053710323E+01    1.707602358E+04    3.897213438E+02    3.408159519E-04    2.134502948E+02   mladen
    3059    0       3059        256    3.930419890E-01    9.477539062E-01    3.857421885E-01    8.007275636E+01    1.574810246E+04    3.418940738E+02    4.381372086E-04    1.782524668E+02   mladen
    3060    0       3060        106    5.302734365E-01    9.399414062E-01    1.675036837E-01    8.105581169E+01    1.034083463E+04    4.750364569E+02    1.800617557E-04    6.735448850E+01   mladen
    3063    0       3063         73    3.409718658E-01    7.041015625E-01    3.898805289E-01    8.005425212E+01    3.136348226E+03    3.046134680E+02    2.292242666E-04    3.920435282E+01   mladen
    3064    0       3064        137    3.359374980E-01    5.419921875E-01    3.143437552E-01    8.090785742E+01    3.054255690E+03    3.739269126E+02    3.816782461E-04    3.817819612E+01   mladen
    3067    0       3067         61    4.077598066E-01    9.990276593E-01    3.336661407E-01    8.032692407E+01    2.642906303E+03    4.672039882E+02    2.123373991E-04    3.303632878E+01   mladen
    3068    0       3068         47    5.404421925E-01    9.482421875E-01    2.011718730E-01    8.450598116E+01    2.431257223E+03    3.804037124E+02    1.332087404E-04    3.039071528E+01   mladen
    3069    0       3069         92    4.797042310E-01    6.474609375E-01    4.821196812E-01    8.032354237E+01    1.924518561E+03    3.863037215E+02    2.647932051E-04    2.405648201E+01   mladen
    3070    0       3070         59    5.507812480E-01    8.135276219E-01    4.034970507E-01    8.403362514E+01    1.880274228E+03    4.104679751E+02    1.804352591E-04    2.350342785E+01   mladen
    3072    0       3072         54    3.017962661E-01    7.089843730E-01    4.170689109E-01    8.521192239E+01    1.783900396E+03    3.839227144E+02    1.544641448E-04    2.229875495E+01   mladen
    3074    0       3074         69    3.700729500E-01    7.936810921E-01    3.993266257E-01    8.851613713E+01    1.433454655E+03    3.385732871E+02    2.093731078E-04    1.791818319E+01   mladen
    3087    0       3087         69    4.591213047E-01    5.919682736E-01    4.357635297E-01    8.049521354E+01    4.636134555E+02    1.361812512E+02    5.600754221E-04    5.795168194E+00   mladen
    3096    0       3096         17    3.763836482E-01    7.284924453E-01    3.959892994E-01    8.592312917E+01    4.173882537E+02    2.080429606E+02    2.108055550E-04    5.217353172E+00   mladen
    3098    0       3098         20    4.355542920E-01    5.772163472E-01    4.004116341E-01    8.704139242E+01    4.148134058E+02    1.971588341E+02    2.350316454E-04    5.185167573E+00   mladen
    3101    0       3101         16    4.905191023E-01    5.919591780E-01    3.184526568E-01    8.189634463E+01    4.112127426E+02    1.872543355E+02    1.785796504E-04    5.140159283E+00   mladen
    3103    0       3103         26    4.393320987E-01    5.015406342E-01    2.199309360E-01    8.049047780E+01    3.994023838E+02    1.668742899E+02    2.586085520E-04    4.992529797E+00   mladen
    3104    0       3104         18    5.175781250E-01    9.591404385E-01    1.075390482E-01    8.014301507E+01    3.946618916E+02    1.638147776E+02    1.757541893E-04    4.933273645E+00   mladen
    3133    0       3133          7    2.985774599E-01    8.007812540E-01    4.036465592E-01    8.534654507E+01    2.828291445E+02    1.501391721E+02    6.264294415E-05    3.535364306E+00   mladen
    3229    0       3229        340    8.159631745E-01    5.024414062E-01    6.831075029E-02    8.065229810E+01    2.195515484E+04    3.261673366E+02    6.752740493E-04    2.744394356E+02   mladen
    3230    0       3230        150    9.262688602E-01    7.905272590E-01    4.726562510E-01    8.145525309E+01    1.503540277E+04    4.325088115E+02    2.380578849E-04    1.879425346E+02   mladen
    3231    0       3231        126    6.608960709E-01    7.835943303E-01    2.148437698E-02    8.028516754E+01    3.964417412E+03    2.867383538E+02    4.336825448E-04    4.955521765E+01   mladen
    3232    0       3232        117    7.450919696E-01    6.826171875E-01    2.539062698E-02    8.204159575E+01    3.847044977E+03    2.901797601E+02    3.588932765E-04    4.808806221E+01   mladen
    3233    0       3233        100    6.865133003E-01    6.667068883E-01    4.765625020E-01    8.324198623E+01    3.844633840E+03    3.451906667E+02    3.111963769E-04    4.805792300E+01   mladen
    3235    0       3235        111    6.367187480E-01    7.764142398E-01    2.078381281E-02    8.266594304E+01    3.417764026E+03    3.176804521E+02    3.455679567E-04    4.272205032E+01   mladen
    3239    0       3239        109    9.620056962E-01    6.767578125E-01    3.710937302E-02    8.026949965E+01    2.723832694E+03    2.579477935E+02    3.843721651E-04    3.404790868E+01   mladen
    3255    0       3255         11    7.441406250E-01    7.014636415E-01    5.377480720E-02    9.242118845E+01    4.798992514E+02    2.415708601E+02    1.583861984E-04    5.998740643E+00   mladen
    3260    0       3260         14    8.417968750E-01    8.418134461E-01    1.311375950E-01    8.112531910E+01    3.893492593E+02    1.570248864E+02    1.310317761E-04    4.866865741E+00   mladen
    3261    0       3261         14    8.742018959E-01    5.097656250E-01    7.316885691E-02    8.045552996E+01    3.847101599E+02    1.975105096E+02    1.648156127E-04    4.808876999E+00   mladen
    3272    0       3272         11    6.816406250E-01    7.528402598E-01    3.329914041E-02    9.886351843E+01    3.067087843E+02    1.649911816E+02    1.081766485E-04    3.833859804E+00   mladen
    3277    0       3277         50    8.066406250E-01    8.773712739E-01    1.308889268E-01    8.292588025E+01    2.937554386E+02    1.371119042E+02    4.086253171E-04    3.671942983E+00   mladen
    3348    0       3348       1464    8.859873925E-01    9.589843745E-01    4.778122253E-01    8.002372575E+01    7.546192095E+04    4.321031308E+02    2.398718823E-03    2.176086676E+01   mladen
    3352    0       3352        399    5.258789062E-01    8.045121375E-01    8.219468177E-01    8.023137925E+01    1.732081666E+04    3.590836185E+02    8.357222776E-04    2.165102083E+02   mladen
    3354    0       3348          8    8.872070317E-01    9.596806286E-01    4.791573929E-01    1.955581448E+02    1.395392460E+04    1.138866635E+03    7.557146971E-06    4.023877079E+00   mladen
    3356    0       3356        349    7.515567683E-01    6.982421865E-01    8.804607752E-01    8.039287263E+01    1.004349230E+04    2.832045331E+02    5.960857913E-04    1.255436538E+02   mladen
    3366    0       5138          9    8.862304688E-01    9.995117188E-01    4.399414062E-01    1.379575162E+02    4.291487566E+03    3.685951421E+02    1.750732981E-05    3.613784491E+00   mladen
    3368    0       3368         67    9.205070281E-01    9.770344809E-01    4.246739725E-01    8.568259160E+01    4.116449307E+03    2.965079610E+02    2.253339590E-04    5.145561634E+01   mladen
    3369    0       3369        117    9.929497445E-01    7.958984375E-01    5.507812520E-01    8.323258443E+01    4.043978073E+03    3.598219075E+02    3.324293832E-04    5.054972591E+01   mladen
    3370    0       3370         94    8.427555749E-01    7.519531270E-01    7.324882079E-01    9.028154505E+01    3.636924903E+03    2.632324166E+02    3.216424311E-04    4.546156129E+01   mladen
    3371    0       3348         20    8.876953115E-01    9.585005961E-01    4.839025195E-01    8.748348103E+01    3.566220448E+03    2.719617567E+02    2.988752656E-05    3.110062931E+00   mladen
    3372    0       3372         61    6.416042966E-01    7.578124980E-01    7.023569779E-01    8.190790263E+01    3.503843614E+03    4.514984440E+02    2.522944160E-04    4.379804518E+01   mladen
    3375    0       3375         99    7.510710043E-01    6.669921875E-01    9.160156230E-01    8.120968439E+01    3.126611057E+03    3.486958948E+02    2.935725161E-04    3.908263821E+01   mladen
    3386    0       3386        105    8.804079593E-01    8.369140625E-01    9.589843730E-01    8.073384065E+01    2.667963039E+03    3.324263531E+02    2.600607803E-04    3.334953799E+01   mladen
    3387    0       3348         11    8.911254812E-01    9.646865496E-01    4.761433963E-01    1.065354907E+02    2.664036180E+03    4.316568117E+02    1.005029333E-05    4.431711079E+00   mladen
    3392    0       5138         13    8.857421885E-01    9.985350904E-01    4.467773056E-01    1.181557189E+02    2.551288180E+03    2.554281404E+02    2.140973940E-05    8.959665367E+00   mladen
    3395    0       3395         77    9.270816623E-01    8.173828125E-01    6.582031230E-01    8.518131573E+01    2.510007930E+03    2.199468167E+02    2.064801671E-04    3.137509912E+01   mladen
    3397    0       3348          7    8.916015615E-01    9.614257870E-01    4.838909272E-01    9.416321921E+01    2.476449181E+03    3.060937253E+02    7.982015898E-06    6.904341706E+00   mladen
    3399    0       3348         79    8.925781240E-01    9.643556751E-01    4.731501973E-01    8.397165273E+01    2.299609625E+03    2.885491284E+02    1.811255818E-04    4.392628661E+00   mladen
    3405    0       3405         76    5.850073357E-01    8.252955803E-01    8.105468730E-01    8.083484668E+01    2.195256483E+03    3.221980452E+02    2.160506254E-04    2.744070604E+01   mladen
    3406    0       3348          7    8.842198581E-01    9.642549437E-01    4.824218760E-01    8.272207001E+01    2.158885447E+03    2.799433362E+02    7.300091362E-06    5.603664330E+00   mladen
    3412    0       3412         77    5.312500020E-01    8.915646706E-01    8.306896000E-01    8.166023039E+01    2.034744092E+03    3.394046071E+02    3.009226042E-04    2.543430115E+01   mladen
    3413    0       5138          7    8.852539062E-01    9.983548090E-01    4.366543195E-01    8.981351134E+01    2.009748463E+03    5.804183051E+02    3.783896692E-06    3.686439516E+00   mladen
    3414    0       3414        100    7.509521762E-01    6.640625020E-01    9.964275969E-01    8.034939357E+01    2.004862955E+03    3.496789128E+02    2.970054452E-04    2.506078694E+01   mladen
    3433    0       3348         13    8.818359258E-01    9.633789062E-01    4.829102625E-01    8.110834451E+01    9.441439645E+02    2.509768305E+02    1.121953862E-05    3.652807001E+00   mladen
    3461    0       3461         27    8.963253296E-01    7.986498359E-01    9.648437540E-01    8.307490178E+01    5.047724156E+02    1.585113228E+02    2.550962993E-04    6.309655195E+00   mladen
    3463    0       3463         14    8.994523262E-01    9.587145454E-01    6.757812540E-01    8.311828447E+01    4.843274594E+02    1.792700105E+02    1.495945541E-04    6.054093243E+00   mladen
    3501    0       3501         11    5.976562460E-01    9.631699879E-01    6.275180289E-01    9.372096981E+01    3.448538469E+02    1.906588621E+02    1.250056912E-04    4.310673086E+00   mladen
    3507    0       3507          7    8.847656250E-01    8.653369995E-01    9.685559216E-01    8.669872482E+01    3.252159991E+02    1.766065316E+02    7.368598709E-05    4.065199989E+00   mladen
    3518    0       3518          8    5.316643521E-01    9.335937540E-01    8.209279895E-01    8.600466585E+01    2.955482169E+02    1.518446030E+02    7.240514898E-05    3.694352711E+00   mladen
    3535    0       3535         11    7.915849331E-01    7.558593750E-01    7.695312460E-01    8.004560759E+01    2.600132863E+02    1.313259589E+02    8.610400841E-05    3.250166079E+00   mladen
    3614    0       3614        746    5.992331227E-01    7.297363281E-01    5.094862218E-01    8.067467354E+01    1.173294653E+05    4.105894419E+02    9.470874445E-04    1.728105774E+02   mladen
    3615    0       3615        816    9.653320312E-01    6.969350660E-01    6.645601894E-01    8.017023468E+01    3.159442314E+04    4.644783273E+02    1.718636969E-03    1.779751000E+02   mladen
    3627    0       3614         12    6.030320729E-01    7.363281240E-01    5.055170393E-01    8.109492101E+01    3.195714843E+03    3.504669271E+02    8.486341783E-06    4.706859662E+00   mladen
    3628    0       3628        133    7.489859561E-01    6.347656270E-01    7.053579499E-01    8.034076314E+01    3.180455824E+03    3.333563395E+02    4.172613101E-04    3.975569780E+01   mladen
    3632    0       3632         43    5.986351780E-01    5.957031230E-01    5.596798154E-01    8.085315753E+01    2.725137114E+03    2.911385177E+02    1.843778343E-04    3.406421392E+01   mladen
    3635    0       3635         85    6.589162455E-01    6.648482509E-01    7.527977695E-01    8.467577929E+01    2.597563871E+03    2.957158327E+02    2.798133400E-04    3.246954839E+01   mladen
    3638    0       3638         59    9.442835555E-01    6.960494386E-01    6.552457001E-01    8.192299793E+01    2.538295217E+03    3.239254502E+02    1.592865565E-04    1.429851538E+01   mladen
    3640    0       3640        140    5.888793772E-01    7.285156230E-01    7.802811557E-01    8.127506939E+01    2.302265922E+03    2.635689246E+02    4.948628620E-04    2.877832403E+01   mladen
    3645    0       3645        112    8.857488742E-01    7.354497932E-01    7.011718730E-01    8.021745978E+01    2.158210889E+03    2.641354816E+02    3.168419938E-04    2.697763612E+01   mladen
    3650    0       3614         18    6.040044075E-01    7.321096480E-01    5.044525417E-01    9.545301551E+01    2.034258594E+03    3.509055344E+02    1.503308730E-05    3.350737413E+00   mladen
    3665    0       3614          6    6.053137091E-01    7.265624990E-01    5.043951243E-01    1.494021228E+02    1.502850541E+03    3.421285700E+02    6.372641213E-06    6.699417744E+00   mladen
    3690    0       3690         15    8.786464460E-01    6.035156250E-01    5.546874960E-01    8.251606016E+01    4.735336526E+02    2.277365197E+02    2.036123154E-04    5.919170658E+00   mladen
    3711    0       3711         13    7.050957771E-01    7.441406250E-01    8.164062460E-01    8.268641967E+01    3.536752796E+02    1.378791948E+02    1.068371256E-04    4.420940995E+00   mladen
    3716    0       3716         11    5.771595203E-01    6.906948390E-01    5.139570191E-01    9.327448062E+01    3.423538039E+02    1.924369567E+02    1.261715009E-04    4.279422548E+00   mladen
    3734    0       3734         14    8.734201099E-01    5.859374960E-01    6.864349528E-01    9.038299912E+01    2.924555276E+02    1.477868608E+02    1.233229667E-04    3.655694095E+00   mladen
    3815    0       3815       1420    9.978687809E-01    3.264160156E-01    8.979492183E-01    8.038623999E+01    8.269231208E+04    4.889890228E+02    2.115875598E-03    8.901289962E+01   mladen
    3819    0       3819        559    9.843750010E-01    1.567382812E-01    8.927911930E-01    8.020981003E+01    2.884770656E+04    3.397269061E+02    1.058342402E-03    1.085657213E+02   mladen
    3820    0       3820        448    8.131575708E-01    2.993164062E-01    8.925781240E-01    8.023394271E+01    2.583191676E+04    3.268062397E+02    8.884327612E-04    3.228989595E+02   mladen
    3821    0       3821        309    6.572265615E-01    3.168945312E-01    9.859276495E-01    8.102587531E+01    2.330271974E+04    4.451100278E+02    6.155934104E-04    4.713721960E+00   mladen
    3822    0       3822        438    7.705078115E-01    3.110351562E-01    9.100398731E-01    8.049932669E+01    1.796965277E+04    3.237788324E+02    8.771872367E-04    2.246206597E+02   mladen
    3823    0       3821        469    6.599827821E-01    3.121074685E-01    9.823368360E-01    8.133261432E+01    1.623833381E+04    4.374003949E+02    1.103540575E-03    3.284723481E+00   mladen
    3826    0       3826        494    6.121527823E-01    2.652238294E-01    9.606538118E-01    8.017372369E+01    1.258877892E+04    3.526256262E+02    9.898223330E-04    1.573597365E+02   mladen
    3840    0       3840        166    6.958431377E-01    4.011804303E-01    6.816406270E-01    8.074484637E+01    3.911697116E+03    3.778574496E+02    4.673327255E-04    4.889621395E+01   mladen
    3843    0       3843        112    9.140624980E-01    9.866458219E-02    9.092762306E-01    8.046803685E+01    3.720300767E+03    2.292380630E+02    3.825822927E-04    4.650375959E+01   mladen
    3858    0       3858         57    6.042235396E-01    2.968750020E-01    9.845819069E-01    8.228573830E+01    2.890414275E+03    3.040472126E+02    1.608383066E-04    3.613017844E+01   mladen
    3866    0       3819        181    9.707031230E-01    1.396706644E-01    9.079637652E-01    8.085664762E+01    2.426025007E+03    3.010396063E+02    4.844706876E-04    9.130124585E+00   mladen
    3869    0       3869         60    9.921875020E-01    1.376953125E-01    9.399003407E-01    8.096667327E+01    2.348063684E+03    2.896854854E+02    1.748243296E-04    2.737553753E+01   mladen
    4057    0       4057         10    9.082081323E-01    4.111432765E-02    8.320312460E-01    8.363311513E+01    2.955139797E+02    1.319276292E+02    7.863499473E-05    3.693924746E+00   mladen
    4099    0       4099         16    9.921875040E-01    2.400223971E-01    9.353910309E-01    8.940150112E+01    2.595415750E+02    1.345770444E+02    1.283426708E-04    3.244269688E+00   mladen
    4263    0       4263       3158    5.471191406E-01    2.907959025E-02    8.500976558E-01    8.006427952E+01    1.678656996E+05    3.113363719E+02    6.856809934E-03    3.695323399E+02   mladen
    4264    0       4264       3335    9.773790285E-01    9.852711173E-02    9.443359370E-01    8.007830281E+01    1.675028171E+05    4.040617559E+02    5.814441198E-03    2.133664342E+02   mladen
    4265    1       4263       1807    5.760181205E-01    5.639648438E-02    8.637433688E-01    8.000230717E+01    1.615070253E+05    4.778741848E+02    3.007570535E-03    2.498855245E+01   mladen
    4267    0       4267       1779    8.234892695E-01    8.959960938E-02    8.845422211E-01    8.010935135E+01    1.005770663E+05    3.594229850E+02    3.201692361E-03    8.587137269E+01   mladen
    4268    0       4268        836    5.060539413E-01    1.120605469E-01    5.631289695E-01    8.116073688E+01    8.641022316E+04    4.281331382E+02    1.162995893E-03    1.880235054E+01   mladen
    4278    0       4265       1289    5.644531260E-01    5.210076030E-02    8.635910745E-01    8.007026951E+01    3.302935068E+04    3.563799245E+02    2.321341254E-03    7.956653534E+00   mladen
    4290    0       4265       1532    5.746070599E-01    5.029296875E-02    8.593750010E-01    8.025173122E+01    2.280963146E+04    4.305007414E+02    3.067153200E-03    3.529132376E+00   mladen
    4292    0       4292        426    6.145926392E-01    7.470703125E-02    8.149414062E-01    8.033306578E+01    2.158752786E+04    3.575186734E+02    7.781396989E-04    9.770035705E+01   mladen
    4293    0       4268        240    5.054249447E-01    1.110605466E-01    5.585937490E-01    8.018730014E+01    2.139576613E+04    4.546882751E+02    3.684114658E-04    4.655591435E+00   mladen
    4372    0       4372         94    6.291060979E-01    1.083984375E-01    8.424829231E-01    8.096052278E+01    4.415138129E+03    3.489500065E+02    2.989862170E-04    1.853606757E+01   mladen
    4393    0       4264        227    9.840426280E-01    1.123046875E-01    9.394531230E-01    8.029020098E+01    4.003526484E+03    2.819091675E+02    4.914905518E-04    5.099724203E+00   mladen
    4399    0       4267         40    8.266185254E-01    9.422372510E-02    8.812446657E-01    9.069080478E+01    3.919970336E+03    3.583098412E+02    3.437131051E-05    3.346818973E+00   mladen
    4411    0       4411        108    7.083250342E-01    1.347656230E-01    8.667871163E-01    8.264308021E+01    3.808571424E+03    2.467668388E+02    3.787425815E-04    4.760714280E+01   mladen
    4431    0       4372        179    6.316698276E-01    9.277343750E-02    8.485579647E-01    8.038229045E+01    3.401665944E+03    2.623532216E+02    5.551302055E-04    1.428120887E+01   mladen
    4517    0       4267         16    8.198268884E-01    8.670755787E-02    8.886718740E-01    1.760324723E+02    2.406879189E+03    5.161422186E+02    1.442084700E-05    1.088267918E+01   mladen
    4522    0       4522        169    6.088642120E-01    7.519531250E-02    8.651703683E-01    8.128917876E+01    2.344094717E+03    2.293362766E+02    5.519063573E-04    2.930118396E+01   mladen
    4594    0       4264         91    9.543336258E-01    1.084609979E-01    9.526078755E-01    8.078117585E+01    1.606293651E+03    2.291456832E+02    3.346246027E-04    5.304755975E+00   mladen
    4652    0       4292          5    6.157975716E-01    6.542968750E-02    8.164062520E-01    1.228938729E+02    7.179651650E+02    2.574117807E+02    9.589336094E-06    3.249350894E+00   mladen
    4720    0       4720         16    6.507708529E-01    9.963611522E-02    8.554687460E-01    8.407593797E+01    5.038581809E+02    1.629163889E+02    1.553691758E-04    6.298227261E+00   mladen
    4788    0       4788         85    8.691430372E-01    8.421039852E-02    8.769829249E-01    8.006973592E+01    4.175934994E+02    1.257410366E+02    6.370537346E-04    3.787802749E+00   mladen
    4903    0       4903         26    6.163998105E-01    2.405873967E-01    9.433593750E-01    8.064817386E+01    3.183926072E+02    1.441837791E+02    2.234445963E-04    3.979907589E+00   mladen
    4923    0       4923          9    5.136765297E-01    3.906246042E-03    8.185452111E-01    1.003103201E+02    2.978161610E+02    1.955762070E+02    1.049152531E-04    3.722702012E+00   mladen
    4975    0       4975          7    6.504200230E-01    8.593749604E-02    8.577524381E-01    9.300993917E+01    2.646524149E+02    1.779363784E+02    7.424084239E-05    3.308155186E+00   mladen
    5138    0       5138       1411    8.801461021E-01    2.441405755E-03    4.422112080E-01    8.019664956E+01    8.401487952E+04    4.520671180E+02    2.345398905E-03    7.074741891E+01   mladen
    5143    0       5143        936    9.604534992E-01    4.912109365E-01    3.492059186E-01    8.012667829E+01    2.716825570E+04    3.579170615E+02    1.712014925E-03    3.396031963E+02   mladen
    5145    0       5145        587    7.470703135E-01    1.495030206E-01    2.688264249E-01    8.007524204E+01    1.832988964E+04    3.476866893E+02    1.167005699E-03    1.751678271E+02   mladen
    5146    0       5138        460    9.086914062E-01    4.798500903E-03    4.184685244E-01    8.007866468E+01    1.792360744E+04    2.970492902E+02    7.992381224E-04    7.982332366E+01   mladen
    5147    0       5147        332    7.642770789E-01    2.319335938E-01    2.722346820E-01    8.017582458E+01    1.325497353E+04    3.848198324E+02    6.257513793E-04    1.656871691E+02   mladen
    5148    0       5148        327    5.395507812E-01    1.131189525E-01    4.858398438E-01    8.056655584E+01    1.207947686E+04    3.355384172E+02    5.615526211E-04    1.509934608E+02   mladen
    5168    0       5168         45    5.946658927E-01    3.359375020E-01    3.673955850E-01    8.073146052E+01    3.509439922E+03    4.463928713E+02    1.496648729E-04    4.386799902E+01   mladen
    5184    0       5184         79    7.272098758E-01    1.357421875E-01    1.548502979E-01    8.008820636E+01    2.564807636E+03    2.898694314E+02    2.462052940E-04    3.206009545E+01   mladen
    5200    0       4268         47    5.112304688E-01    1.162109365E-01    5.582829631E-01    8.106177030E+01    1.679026904E+03    2.337242574E+02    7.270267416E-05    3.946471811E+00   mladen
    5249    0       5249         47    8.071915587E-01    5.664062500E-02    3.554687460E-01    8.004306142E+01    4.685360447E+02    1.630981525E+02    4.569061497E-04    5.856700559E+00   mladen
    5255    0       5255         12    7.207985008E-01    1.311215799E-01    1.828328996E-01    8.441196628E+01    4.456372481E+02    1.932693525E+02    1.382370132E-04    5.570465601E+00   mladen
    5277    0       5277         13    9.296874960E-01    2.089843750E-01    5.177111799E-01    8.511049268E+01    3.897958571E+02    1.831910933E+02    1.419475206E-04    4.872448214E+00   mladen
    5332    0       5332         23    9.316612566E-01    3.515624604E-02    3.655652887E-01    8.037462736E+01    2.943381388E+02    1.225775028E+02    1.680423358E-04    3.679226735E+00   mladen
    5469    0       5469        548    8.441215788E-01    4.251806573E-01    2.879655905E-02    8.037387778E+01    2.310149813E+04    3.567963904E+02    1.191601023E-03    2.887687267E+02   mladen
    5470    0       5470        399    7.229889490E-01    3.530273438E-01    7.812500099E-02    8.015942047E+01    1.974211535E+04    3.550086999E+02    7.915225137E-04    2.467764419E+02   mladen
    5471    0       5471        552    6.292732330E-01    3.608398438E-01    2.413823441E-03    8.016933719E+01    1.932424004E+04    3.621169553E+02    1.017139048E-03    2.415530005E+02   mladen
    5472    0       5472        484    9.153351434E-01    1.010193813E-01    1.362304688E-01    8.032439886E+01    1.874725018E+04    3.866269739E+02    1.011088996E-03    2.816836842E+01   mladen
    5473    0       5472        367    9.116530019E-01    1.138376766E-01    1.343505952E-01    8.021092995E+01    1.642788550E+04    3.913940638E+02    7.563668139E-04    2.468344566E+01   mladen
    5480    0       5480        129    8.697907355E-01    4.070884595E-01    1.367187698E-02    8.360223522E+01    3.247385554E+03    3.088833971E+02    3.452040968E-04    8.578772675E+00   mladen
    5483    0       5480        103    8.818007086E-01    4.012783227E-01    1.171875198E-02    8.088344032E+01    2.801131766E+03    2.871451394E+02    3.251884966E-04    7.399882844E+00   mladen
    5484    0       5484        157    8.839176368E-01    1.689983914E-01    1.007305905E-01    8.299447984E+01    2.791004672E+03    3.121093399E+02    4.627537626E-04    3.488755840E+01   mladen
    5487    0       5487         90    9.835736104E-01    4.599609375E-01    4.101562302E-02    8.103066181E+01    2.493579641E+03    3.909584400E+02    2.621580631E-04    3.116974552E+01   mladen
    5488    0       5488         85    9.131036996E-01    4.541015625E-01    2.023474856E-01    8.096311961E+01    2.397941526E+03    2.579559295E+02    2.171771230E-04    2.997426908E+01   mladen
    5533    0       5533         10    5.468749960E-01    2.949218750E-01    6.079944544E-02    8.567818096E+01    4.552020017E+02    2.187815505E+02    1.304039660E-04    5.690025021E+00   mladen
    5554    0       5554          7    8.469160451E-01    4.941406250E-01    2.343749960E-01    8.142958023E+01    3.621552996E+02    1.568572850E+02    6.544595926E-05    4.526941245E+00   mladen
    5568    0       5568         19    6.992187460E-01    3.185242324E-01    4.998773895E-02    8.035623299E+01    3.133309322E+02    1.528599449E+02    1.731120916E-04    3.916636652E+00   mladen
    5594    0       5594          6    7.460937460E-01    4.475697739E-01    8.409942996E-02    8.730192922E+01    2.643866064E+02    1.592813906E+02    5.696346423E-05    3.304832580E+00   mladen
