      0.5804157867E-01      0.3073077086E+08
      0.1741247360E+00      0.3697137209E+09
      0.2902078933E+00      0.9727130016E-23
      0.4062910507E+00      0.3768779058E+09
      0.5223742080E+00      0.2669217261E-22
      0.6384573653E+00      0.3893326709E+09
      0.7545405227E+00      0.2094467051E-22
      0.8706236800E+00      0.4079359814E+09
      0.9867068373E+00      0.1310851588E-22
      0.1102789995E+01      0.4340884910E+09
      0.1218873152E+01      0.4700097230E+09
      0.1334956309E+01      0.3577029403E-22
      0.1451039467E+01      0.5192490230E+09
      0.1567122624E+01      0.4553954742E-22
      0.1683205781E+01      0.5876713424E+09
      0.1799288939E+01      0.5640356368E-22
      0.1915372096E+01      0.6854883585E+09
      0.2031455253E+01      0.1206193129E-21
      0.2147538411E+01      0.8318301906E+09
      0.2263621568E+01      0.1066310155E+10
      0.2379704725E+01      0.1468293945E-21
      0.2495787883E+01      0.1483313964E+10
      0.2611871040E+01      0.1380788579E-21
      0.2727954197E+01      0.2359948300E+10
      0.2844037355E+01      0.1477587297E-21
      0.2960120512E+01      0.4849579108E+10
      0.3076203669E+01      0.1183277720E-21
      0.3192286827E+01      0.1921384918E+11
      0.3308369984E+01      0.2145346288E+13
      0.3424453141E+01      0.3528962926E-21
      0.3540536299E+01      0.1370815926E+11
      0.3656619456E+01      0.1541901476E-21
      0.3772702613E+01      0.4597008553E+10
      0.3888785771E+01      0.2563698058E-21
      0.4004868928E+01      0.3185614701E+10
      0.4120952085E+01      0.2710958201E-21
      0.4237035243E+01      0.3374405472E+10
      0.4353118400E+01      0.4949924125E+10
      0.4469201557E+01      0.3120674210E-21
      0.4585284715E+01      0.1039960467E+11
      0.4701367872E+01      0.3854399468E-21
      0.4817451029E+01      0.4511154601E+11
      0.4933534187E+01      0.4488821329E-21
      0.5049617344E+01      0.2080080297E+13
      0.5165700501E+01      0.6072235034E-21
      0.5281783659E+01      0.2605566717E+11
      0.5397866816E+01      0.7334199639E+10
      0.5513949973E+01      0.4922558580E-21
      0.5630033131E+01      0.3440314588E+10
      0.5746116288E+01      0.5850786492E-21
      0.5862199445E+01      0.2024034772E+10
      0.5978282603E+01      0.4601157634E-21
      0.6094365760E+01      0.1359629904E+10
      0.6210448917E+01      0.5717147194E-21
      0.6326532075E+01      0.1000081596E+10
      0.6442615232E+01      0.7884200340E+09
      0.6558698389E+01      0.6002485431E-21
      0.6674781547E+01      0.6584230989E+09
      0.6790864704E+01      0.9345754600E-21
      0.6906947861E+01      0.5787030475E+09
      0.7023031019E+01      0.4540124946E-21
      0.7139114176E+01      0.5334292701E+09
      0.7255197333E+01      0.6324966811E-21
      0.7371280491E+01      0.5147365364E+09
      0.7487363648E+01      0.5195578880E+09
      0.7603446805E+01      0.8140558576E-21
      0.7719529962E+01      0.5484694487E+09
      0.7835613120E+01      0.7971888140E-21
      0.7951696277E+01      0.6057703223E+09
      0.8067779434E+01      0.7036413988E-21
      0.8183862592E+01      0.7007952121E+09
      0.8299945749E+01      0.8627633134E-21
      0.8416028906E+01      0.8511948497E+09
      0.8532112064E+01      0.1090348981E+10
      0.8648195221E+01      0.1046468990E-20
      0.8764278378E+01      0.1484971479E+10
      0.8880361536E+01      0.7170904324E-21
      0.8996444693E+01      0.2181757842E+10
      0.9112527850E+01      0.8288326623E-21
      0.9228611008E+01      0.3552906260E+10
      0.9344694165E+01      0.6765562528E-21
      0.9460777322E+01      0.6775999886E+10
      0.9576860480E+01      0.1732241549E+11
      0.9692943637E+01      0.8899595622E-21
      0.9809026794E+01      0.9872996354E+11
      0.9925109952E+01      0.9255469976E-21
      0.1004119311E+02      0.8968311904E+12
      0.1015727627E+02      0.1306251656E-20
      0.1027335942E+02      0.3863930407E+11
      0.1038944258E+02      0.1094552868E-20
      0.1050552574E+02      0.1265289483E+11
      0.1062160890E+02      0.1399404124E-20
      0.1073769205E+02      0.6451859310E+10
      0.1085377521E+02      0.4028026746E+10
      0.1096985837E+02      0.1337700512E-20
      0.1108594153E+02      0.2828232085E+10
      0.1120202468E+02      0.1234660650E-20
      0.1131810784E+02      0.2145733545E+10
      0.1143419100E+02      0.1253647502E-20
      0.1155027415E+02      0.1720716005E+10
      0.1166635731E+02      0.1298527401E-20
      0.1178244047E+02      0.1439151008E+10
      0.1189852363E+02      0.1244508985E+10
      0.1201460678E+02      0.1969766933E-20
      0.1213068994E+02      0.1106176607E+10
      0.1224677310E+02      0.1589979379E-20
      0.1236285626E+02      0.1006454787E+10
      0.1247893941E+02      0.1514870063E-20
      0.1259502257E+02      0.9346157223E+09
      0.1271110573E+02      0.1561574715E-20
      0.1282718889E+02      0.8839609935E+09
      0.1294327204E+02      0.8502761890E+09
      0.1305935520E+02      0.1660537898E-20
      0.1317543836E+02      0.8309883411E+09
      0.1329152151E+02      0.1764610830E-20
      0.1340760467E+02      0.7988450004E+09
      0.1352368783E+02      0.2154823044E-20
      0.1363977099E+02      0.1596377711E-20
      0.1375585414E+02      0.1259306255E-20
      0.1387193730E+02      0.2062218282E-20
      0.1398802046E+02      0.1372454206E-20
      0.1410410362E+02      0.1813432884E-20
      0.1422018677E+02      0.1839744485E-20
      0.1433626993E+02      0.1852920202E-20
      0.1445235309E+02      0.1246634019E-20
      0.1456843625E+02      0.1254467838E-20
      0.1468451940E+02      0.1232460562E-20
      0.1480060256E+02      0.1311799595E-20
      0.1491668572E+02      0.1116230664E-20
      0.1503276887E+02      0.1132486282E-20
      0.1514885203E+02      0.1137079256E-20
      0.1526493519E+02      0.1056639453E-20
      0.1538101835E+02      0.9784724744E-21
      0.1549710150E+02      0.1623080177E-20
      0.1561318466E+02      0.1146872897E-20
      0.1572926782E+02      0.1132731068E-20
      0.1584535098E+02      0.1234303431E-20
      0.1596143413E+02      0.1184905399E-20
      0.1607751729E+02      0.9056194580E-21
      0.1619360045E+02      0.8038393113E-21
      0.1630968360E+02      0.1125720897E-20
      0.1642576676E+02      0.9891714877E-21
      0.1654184992E+02      0.8185595113E-21
      0.1665793308E+02      0.7975604439E-21
      0.1677401623E+02      0.8576509947E-21
      0.1689009939E+02      0.7282430228E-21
      0.1700618255E+02      0.6663398911E-21
      0.1712226571E+02      0.8472707689E-21
      0.1723834886E+02      0.7887682458E-21
      0.1735443202E+02      0.7555327672E-21
      0.1747051518E+02      0.5388786347E-21
      0.1758659834E+02      0.6596333973E-21
      0.1770268149E+02      0.7572915453E-21
      0.1781876465E+02      0.6324147052E-21
      0.1793484781E+02      0.5903028406E-21
      0.1805093096E+02      0.5276185572E-21
      0.1816701412E+02      0.4222974013E-21
      0.1828309728E+02      0.6227986183E-21
      0.1839918044E+02      0.5989053283E-21
      0.1851526359E+02      0.5985864690E-21
      0.1863134675E+02      0.4269205308E-21
      0.1874742991E+02      0.3656725844E-21
      0.1886351307E+02      0.3693671211E-21
      0.1897959622E+02      0.4377830412E-21
      0.1909567938E+02      0.3149263772E-21
      0.1921176254E+02      0.2655948934E-21
      0.1932784570E+02      0.2699339145E-21
      0.1944392885E+02      0.2206749978E-21
      0.1956001201E+02      0.1991111912E-21
      0.1967609517E+02      0.2056240829E-21
      0.1979217832E+02      0.1625806196E-21
      0.1990826148E+02      0.1437000873E-21
      0.2002434464E+02      0.1795946104E-21
      0.2014042780E+02      0.1582032461E-21
      0.2025651095E+02      0.1215783108E-21
      0.2037259411E+02      0.1242753550E-21
      0.2048867727E+02      0.1120871948E-21
      0.2060476043E+02      0.1164249664E-21
      0.2072084358E+02      0.9294821101E-22
      0.2083692674E+02      0.9073736559E-22
      0.2095300990E+02      0.1049576006E-21
      0.2106909306E+02      0.7438773677E-22
      0.2118517621E+02      0.8965771411E-22
      0.2130125937E+02      0.7733844946E-22
      0.2141734253E+02      0.6715403052E-22
      0.2153342568E+02      0.4950688504E-22
      0.2164950884E+02      0.6122462186E-22
      0.2176559200E+02      0.4756684467E-22
      0.2188167516E+02      0.3270335024E-22
      0.2199775831E+02      0.3115270682E-22
      0.2211384147E+02      0.2954107620E-22
      0.2222992463E+02      0.1928569425E-22
      0.2234600779E+02      0.3230594147E-22
      0.2246209094E+02      0.2025091017E-22
      0.2257817410E+02      0.1296445571E-22
      0.2269425726E+02      0.9150808728E-23
      0.2281034042E+02      0.1174127770E-22
      0.2292642357E+02      0.4957054041E-23
      0.2304250673E+02      0.9056669938E-24
      0.2315858989E+02      0.5048709793E-24
