  Title1  title2  title3
       1       2     -15
       2       4     -14
       3       6     -13
       4       8     -12
       5      10     -11
       6      12     -10
       7      14      -9
       8      16      -8
       9      18      -7
      10      20      -6
      11      22      -5
      12      24      -4
      13      26      -3
      14      28      -2
      15      30      -1
      16      32       0
      17      34       1
      18      36       2
      19      38       3
      20      40       4
      21      42       5
      22      44       6
      23      46       7
      24      48       8
      25      50       9
      26      52      10
      27      54      11
      28      56      12
      29      58      13
      30      60      14
      31      62      15
      32      64      16
      33      66      17
      34      68      18
      35      70      19
      36      72      20
      37      74      21
      38      76      22
      39      78      23
      40      80      24
      41      82      25
      42      84      26
      43      86      27
