1.00
1.33
1.66
1.99
2.32
2.65
2.98
3.31
3.64
3.97
4.30
4.63
4.96
5.29
5.62
5.95
6.28
6.61
6.94
7.27
7.60
7.93
8.26
8.59
8.92
9.25
9.58
9.91
10.24
10.57
10.90
11.23
11.56
11.89
12.22
12.55
12.88
13.21
13.54
13.87
14.20
14.53
14.86
15.19
15.52
15.85
16.18
16.51
16.84
17.17
17.50
17.83
18.16
18.49
18.82
19.15
19.48
19.81
20.14
20.47
20.80
21.13
21.46
21.79
22.12
22.45
22.78
23.11
23.44
23.77
24.10
24.43
24.76
25.09
25.42
25.75
26.08
26.41
26.74
27.07
27.40
27.73
28.06
28.39
28.72
29.05
29.38
29.71
30.04
30.37
30.70
31.03
31.36
31.69
32.02
32.35
32.68
33.01
33.34
33.67
34.00
34.33
34.66
34.99
35.32
35.65
35.98
36.31
36.64
36.97
37.30
37.63
37.96
38.29
38.62
38.95
39.28
39.61
39.94
40.27
40.60
40.93
41.26
41.59
41.92
42.25
42.58
42.91
43.24
43.57
43.90
44.23
44.56
44.89
45.22
45.55
45.88
46.21
46.54
46.87
47.20
47.53
47.86
48.19
48.52
48.85
49.18
49.51
49.84
50.17
50.50
50.83
51.16
51.49
51.82
52.15
52.48
52.81
53.14
53.47
53.80
54.13
54.46
54.79
55.12
55.45
55.78
56.11
56.44
56.77
57.10
57.43
57.76
58.09
58.42
58.75
59.08
59.41
59.74
60.07
60.40
60.73
61.06
61.39
61.72
62.05
62.38
62.71
63.04
63.37
63.70
64.03
64.36
64.69
65.02
65.35
65.68
66.01
66.34
66.67
67.00
67.33
67.66
67.99
68.32
68.65
68.98
69.31
69.64
69.97
70.30
70.63
70.96
71.29
71.62
71.95
72.28
72.61
72.94
73.27
73.60
73.93
74.26
74.59
74.92
75.25
75.58
75.91
76.24
76.57
76.90
77.23
77.56
77.89
78.22
78.55
78.88
79.21
79.54
79.87
80.20
80.53
80.86
81.19
81.52
81.85
82.18
82.51
82.84
83.17
83.50
83.83
84.16
84.49
84.82
85.15
85.48
85.81
86.14
86.47
86.80
87.13
87.46
87.79
88.12
88.45
88.78
89.11
89.44
89.77
90.10
90.43
90.76
91.09
91.42
91.75
92.08
92.41
92.74
93.07
93.40
93.73
94.06
94.39
94.72
95.05
95.38
95.71
96.04
96.37
96.70
97.03
97.36
97.69
98.02
98.35
98.68
99.01
99.34
99.67
100.00
