0.000000	0.611264
0.062832	0.611339
0.125664	0.611563
0.188496	0.611936
0.251327	0.612460
0.314159	0.613133
0.376991	0.613958
0.439823	0.614934
0.502655	0.616063
0.565487	0.617346
0.628319	0.618784
0.691150	0.620379
0.753982	0.622131
0.816814	0.624043
0.879646	0.626116
0.942478	0.628354
1.005310	0.630756
1.068141	0.633328
1.130973	0.636069
1.193805	0.638984
1.256637	0.642076
1.319469	0.645347
1.382301	0.648801
1.445133	0.652442
1.507964	0.656272
1.570796	0.660297
1.633628	0.664521
1.696460	0.668947
1.759292	0.673581
1.822124	0.678428
1.884956	0.683494
1.947787	0.688782
2.010619	0.694301
2.073451	0.700055
2.136283	0.706052
2.199115	0.712299
2.261947	0.718802
2.324779	0.725570
2.387610	0.732610
2.450442	0.739932
2.513274	0.747543
2.576106	0.755455
2.638938	0.763677
2.701770	0.772219
2.764601	0.781093
2.827433	0.790310
2.890265	0.799884
2.953097	0.809826
3.015929	0.820151
3.078761	0.830874
3.141593	0.842010
3.204424	0.853575
3.267256	0.865588
3.330088	0.878065
3.392920	0.891026
3.455752	0.904492
3.518584	0.918485
3.581416	0.933027
3.644247	0.948143
3.707079	0.963858
3.769911	0.980201
3.832743	0.997200
3.895575	1.014886
3.958407	1.033292
4.021239	1.052453
4.084070	1.072408
4.146902	1.093194
4.209734	1.114855
4.272566	1.137437
4.335398	1.160987
4.398230	1.185557
4.461061	1.211203
4.523893	1.237984
4.586725	1.265964
4.649557	1.295211
4.712389	1.325798
4.775221	1.357804
4.838053	1.391313
4.900884	1.426418
4.963716	1.463217
5.026548	1.501817
5.089380	1.542332
5.152212	1.584887
5.215044	1.629618
5.277876	1.676671
5.340707	1.726205
5.403539	1.778395
5.466371	1.833428
5.529203	1.891512
5.592035	1.952872
5.654867	2.017755
5.717699	2.086433
5.780530	2.159203
5.843362	2.236393
5.906194	2.318366
5.969026	2.405520
6.031858	2.498299
6.094690	2.597194
6.157521	2.702752
6.220353	2.815580
6.283185	2.936362
6.346017	3.065858
6.408849	3.204927
6.471681	3.354533
6.534513	3.515768
6.597344	3.689867
6.660176	3.878236
6.723008	4.082478
6.785840	4.304429
6.848672	4.546200
6.911504	4.810226
6.974336	5.099327
7.037167	5.416790
7.099999	5.766457
7.162831	6.152845
7.225663	6.581295
7.288495	7.058157
7.351327	7.591029
7.414159	8.189063
7.476990	8.863365
7.539822	9.627516
7.602654	10.498265
7.665486	11.496461
7.728318	12.648323
7.791150	13.987184
7.853981	15.555949
7.916813	17.410588
7.979645	19.625233
8.042477	22.299729
8.105309	25.571151
8.168141	29.631799
8.230973	34.758240
8.293804	41.359868
8.356636	50.063565
8.419468	61.868742
8.482300	78.448546
8.545132	102.778944
8.607964	140.577502
8.670796	204.006029
8.733627	322.857479
8.796459	587.267598
8.859291	1387.353217
8.922123	6500.841726
8.984955	233599.198197
9.047787	3643.680099
9.110619	1034.650476
9.173450	480.181331
9.236282	275.897532
9.299114	178.751890
9.361946	125.097633
9.424778	92.383571
9.487610	70.982620
9.550442	56.224664
9.613273	45.621876
9.676105	37.750390
9.738937	31.747625
9.801769	27.066331
9.864601	23.345757
9.927433	20.340290
9.990264	17.878026
10.053096	15.835744
10.115928	14.123256
10.178760	12.673326
10.241592	11.435007
10.304424	10.369124
10.367256	9.445157
10.430087	8.639044
10.492919	7.931612
10.555751	7.307428
10.618583	6.753959
10.681415	6.260942
10.744247	5.819909
10.807079	5.423822
10.869910	5.066793
10.932742	4.743867
10.995574	4.450849
11.058406	4.184169
11.121238	3.940772
11.184070	3.718035
11.246902	3.513693
11.309733	3.325781
11.372565	3.152591
11.435397	2.992630
11.498229	2.844589
11.561061	2.707317
11.623893	2.579799
11.686724	2.461136
11.749556	2.350530
11.812388	2.247271
11.875220	2.150725
11.938052	2.060325
12.000884	1.975563
12.063716	1.895982
12.126547	1.821171
12.189379	1.750757
12.252211	1.684406
12.315043	1.621815
12.377875	1.562712
12.440707	1.506857
12.503539	1.454089
12.566370	249924.286902
12.629202	1.355932
12.692034	1.310964
12.754866	1.268170
12.817698	1.227467
12.880530	1.188731
12.943362	1.151841
13.006193	1.116685
13.069025	1.083155
13.131857	1.051155
13.194689	1.020594
13.257521	0.991386
13.320353	0.963454
13.383184	0.936724
13.446016	0.911130
13.508848	0.886607
13.571680	0.863098
13.634512	0.840548
13.697344	0.818905
13.760176	0.798122
13.823007	0.778153
13.885839	0.758958
13.948671	0.740497
14.011503	0.722733
14.074335	0.705632
14.137167	0.689161
14.199999	0.673290
14.262830	0.657990
14.325662	0.643234
14.388494	0.628998
14.451326	0.615257
14.514158	0.601988
14.576990	0.589170
14.639822	0.576783
14.702653	0.564809
14.765485	0.553229
14.828317	0.542025
14.891149	0.531183
14.953981	0.520687
15.016813	0.510522
15.079644	0.500674
15.142476	0.491131
15.205308	0.481880
15.268140	0.472910
15.330972	0.464209
15.393804	0.455767
15.456636	0.447574
15.519467	0.439620
15.582299	0.431895
15.645131	0.424392
15.707963	0.417102
15.770795	0.410017
15.833627	0.403129
15.896459	0.396431
15.959290	0.389917
16.022122	0.383580
16.084954	0.377413
16.147786	0.371410
16.210618	0.365567
16.273450	0.359876
16.336282	0.354334
16.399113	0.348934
16.461945	0.343673
16.524777	0.338545
16.587609	0.333546
16.650441	0.328672
16.713273	0.323919
16.776104	0.319282
16.838936	0.314759
16.901768	0.310345
16.964600	0.306037
17.027432	0.301832
17.090264	0.297726
17.153096	0.293717
17.215927	0.289801
17.278759	0.285976
17.341591	0.282238
17.404423	0.278586
17.467255	0.275017
17.530087	0.271528
17.592919	0.268117
17.655750	0.264781
17.718582	0.261519
17.781414	0.258329
17.844246	0.255208
17.907078	0.252154
17.969910	0.249166
18.032742	0.246241
18.095573	0.243378
18.158405	0.240576
18.221237	0.237832
18.284069	0.235145
18.346901	0.232514
18.409733	0.229937
18.472564	0.227412
18.535396	0.224938
18.598228	0.222515
18.661060	0.220139
18.723892	0.217811
18.786724	0.215530
18.849556	0.213293
18.912387	0.211099
18.975219	0.208949
19.038051	0.206840
19.100883	0.204772
19.163715	0.202743
19.226547	0.200753
19.289379	0.198801
19.352210	0.196885
19.415042	0.195005
19.477874	0.193161
19.540706	0.191350
19.603538	0.189573
19.666370	0.187829
19.729202	0.186116
19.792033	0.184435
19.854865	0.182784
19.917697	0.181162
19.980529	0.179570
20.043361	0.178006
20.106193	0.176470
20.169024	0.174961
20.231856	0.173478
20.294688	0.172022
20.357520	0.170591
20.420352	0.169184
20.483184	0.167802
20.546016	0.166444
20.608847	0.165109
20.671679	0.163797
20.734511	0.162507
20.797343	0.161239
20.860175	0.159993
20.923007	0.158767
20.985839	0.157562
21.048670	0.156377
21.111502	0.155211
21.174334	0.154065
21.237166	0.152938
21.299998	0.151829
21.362830	0.150739
21.425662	0.149666
21.488493	0.148611
21.551325	0.147572
21.614157	0.146551
21.676989	0.145546
21.739821	0.144557
21.802653	0.143584
21.865484	0.142627
21.928316	0.141685
21.991148	0.140757
22.053980	0.139845
22.116812	0.138947
22.179644	0.138063
22.242476	0.137193
22.305307	0.136336
22.368139	0.135493
22.430971	0.134663
22.493803	0.133846
22.556635	0.133042
22.619467	0.132250
22.682299	0.131470
22.745130	0.130703
22.807962	0.129947
22.870794	0.129203
22.933626	0.128470
22.996458	0.127749
23.059290	0.127039
23.122122	0.126339
23.184953	0.125650
23.247785	0.124972
23.310617	0.124304
23.373449	0.123646
23.436281	0.122998
23.499113	0.122360
23.561944	0.121732
23.624776	0.121113
23.687608	0.120504
23.750440	0.119904
23.813272	0.119313
23.876104	0.118731
23.938936	0.118158
24.001767	0.117593
24.064599	0.117037
24.127431	0.116489
24.190263	0.115950
24.253095	0.115419
24.315927	0.114896
24.378759	0.114380
24.441590	0.113873
24.504422	0.113373
24.567254	0.112881
24.630086	0.112397
24.692918	0.111919
24.755750	0.111449
24.818582	0.110987
24.881413	0.110531
24.944245	0.110082
25.007077	0.109640
25.069909	0.109205
25.132741	0.108777
25.195573	0.108355
25.258405	0.107940
25.321236	0.107531
25.384068	0.107129
25.446900	0.106733
25.509732	0.106343
25.572564	0.105959
25.635396	0.105581
25.698227	0.105210
25.761059	0.104844
25.823891	0.104484
25.886723	0.104129
25.949555	0.103781
26.012387	0.103437
26.075219	0.103100
26.138050	0.102768
26.200882	0.102441
26.263714	0.102120
26.326546	0.101804
26.389378	0.101494
26.452210	0.101188
26.515042	0.100888
26.577873	0.100592
26.640705	0.100302
26.703537	0.100017
26.766369	0.099736
26.829201	0.099461
26.892033	0.099190
26.954865	0.098924
27.017696	0.098663
27.080528	0.098406
27.143360	0.098154
27.206192	0.097907
27.269024	0.097664
27.331856	0.097425
27.394687	0.097191
27.457519	0.096962
27.520351	0.096737
27.583183	0.096516
27.646015	0.096299
27.708847	0.096087
27.771679	0.095879
27.834510	0.095675
27.897342	0.095475
27.960174	0.095280
28.023006	0.095088
28.085838	0.094900
28.148670	0.094717
28.211502	0.094537
28.274333	0.094362
28.337165	0.094190
28.399997	0.094022
28.462829	0.093859
28.525661	0.093699
28.588493	0.093542
28.651325	0.093390
28.714156	0.093241
28.776988	0.093096
28.839820	0.092955
28.902652	0.092818
28.965484	0.092684
29.028316	0.092554
29.091147	0.092427
29.153979	0.092304
29.216811	0.092185
29.279643	0.092069
29.342475	0.091957
29.405307	0.091848
29.468139	0.091743
29.530970	0.091641
29.593802	0.091543
29.656634	0.091449
29.719466	0.091357
29.782298	0.091270
29.845130	0.091185
29.907962	0.091104
29.970793	0.091027
30.033625	0.090952
30.096457	0.090882
30.159289	0.090814
30.222121	0.090750
30.284953	0.090689
30.347785	0.090632
30.410616	0.090578
30.473448	0.090527
30.536280	0.090480
30.599112	0.090436
30.661944	0.090395
30.724776	0.090357
30.787607	0.090323
30.850439	0.090292
30.913271	0.090264
30.976103	0.090240
31.038935	0.090219
31.101767	0.090201
31.164599	0.090186
31.227430	0.090175
31.290262	0.090167
31.353094	0.090162
31.415926	0.090160
