   0.00000E+00   0.00000E+00
   0.62832E-01  -0.62791E-01
   0.12566E+00  -0.12533E+00
   0.18850E+00  -0.18738E+00
   0.25133E+00  -0.24869E+00
   0.31416E+00  -0.30902E+00
   0.37699E+00  -0.36812E+00
   0.43982E+00  -0.42578E+00
   0.50265E+00  -0.48175E+00
   0.56549E+00  -0.53583E+00
   0.62832E+00  -0.58779E+00
   0.69115E+00  -0.63742E+00
   0.75398E+00  -0.68455E+00
   0.81681E+00  -0.72897E+00
   0.87965E+00  -0.77051E+00
   0.94248E+00  -0.80902E+00
   0.10053E+01  -0.84433E+00
   0.10681E+01  -0.87631E+00
   0.11310E+01  -0.90483E+00
   0.11938E+01  -0.92978E+00
   0.12566E+01  -0.95106E+00
   0.13195E+01  -0.96858E+00
   0.13823E+01  -0.98229E+00
   0.14451E+01  -0.99211E+00
   0.15080E+01  -0.99803E+00
   0.15708E+01  -0.10000E+01
   0.16336E+01  -0.99803E+00
   0.16965E+01  -0.99211E+00
   0.17593E+01  -0.98229E+00
   0.18221E+01  -0.96858E+00
   0.18850E+01  -0.95106E+00
   0.19478E+01  -0.92978E+00
   0.20106E+01  -0.90483E+00
   0.20735E+01  -0.87631E+00
   0.21363E+01  -0.84433E+00
   0.21991E+01  -0.80902E+00
   0.22619E+01  -0.77051E+00
   0.23248E+01  -0.72897E+00
   0.23876E+01  -0.68455E+00
   0.24504E+01  -0.63742E+00
   0.25133E+01  -0.58779E+00
   0.25761E+01  -0.53583E+00
   0.26389E+01  -0.48175E+00
   0.27018E+01  -0.42578E+00
   0.27646E+01  -0.36812E+00
   0.28274E+01  -0.30902E+00
   0.28903E+01  -0.24869E+00
   0.29531E+01  -0.18738E+00
   0.30159E+01  -0.12533E+00
   0.30788E+01  -0.62791E-01
   0.31416E+01   0.00000E+00
   0.32044E+01   0.62791E-01
   0.32673E+01   0.12533E+00
   0.33301E+01   0.18738E+00
   0.33929E+01   0.24869E+00
   0.34558E+01   0.30902E+00
   0.35186E+01   0.36812E+00
   0.35814E+01   0.42578E+00
   0.36442E+01   0.48175E+00
   0.37071E+01   0.53583E+00
   0.37699E+01   0.58779E+00
   0.38327E+01   0.63742E+00
   0.38956E+01   0.68455E+00
   0.39584E+01   0.72897E+00
   0.40212E+01   0.77051E+00
   0.40841E+01   0.80902E+00
   0.41469E+01   0.84433E+00
   0.42097E+01   0.87631E+00
   0.42726E+01   0.90483E+00
   0.43354E+01   0.92978E+00
   0.43982E+01   0.95106E+00
   0.44611E+01   0.96858E+00
   0.45239E+01   0.98229E+00
   0.45867E+01   0.99211E+00
   0.46496E+01   0.99803E+00
   0.47124E+01   0.10000E+01
   0.47752E+01   0.99803E+00
   0.48381E+01   0.99211E+00
   0.49009E+01   0.98229E+00
   0.49637E+01   0.96858E+00
   0.50265E+01   0.95106E+00
   0.50894E+01   0.92978E+00
   0.51522E+01   0.90483E+00
   0.52150E+01   0.87631E+00
   0.52779E+01   0.84433E+00
   0.53407E+01   0.80902E+00
   0.54035E+01   0.77051E+00
   0.54664E+01   0.72897E+00
   0.55292E+01   0.68455E+00
   0.55920E+01   0.63742E+00
   0.56549E+01   0.58779E+00
   0.57177E+01   0.53583E+00
   0.57805E+01   0.48175E+00
   0.58434E+01   0.42578E+00
   0.59062E+01   0.36812E+00
   0.59690E+01   0.30902E+00
   0.60319E+01   0.24869E+00
   0.60947E+01   0.18738E+00
   0.61575E+01   0.12533E+00
   0.62204E+01   0.62791E-01
   0.62832E+01   0.00000E+00
   0.63460E+01  -0.62791E-01
   0.64088E+01  -0.12533E+00
   0.64717E+01  -0.18738E+00
   0.65345E+01  -0.24869E+00
   0.65973E+01  -0.30902E+00
   0.66602E+01  -0.36812E+00
   0.67230E+01  -0.42578E+00
   0.67858E+01  -0.48175E+00
   0.68487E+01  -0.53583E+00
   0.69115E+01  -0.58779E+00
   0.69743E+01  -0.63742E+00
   0.70372E+01  -0.68455E+00
   0.71000E+01  -0.72897E+00
   0.71628E+01  -0.77051E+00
   0.72257E+01  -0.80902E+00
   0.72885E+01  -0.84433E+00
   0.73513E+01  -0.87631E+00
   0.74142E+01  -0.90483E+00
   0.74770E+01  -0.92978E+00
   0.75398E+01  -0.95106E+00
   0.76027E+01  -0.96858E+00
   0.76655E+01  -0.98229E+00
   0.77283E+01  -0.99211E+00
   0.77911E+01  -0.99803E+00
   0.78540E+01  -0.10000E+01
   0.79168E+01  -0.99803E+00
   0.79796E+01  -0.99211E+00
   0.80425E+01  -0.98229E+00
   0.81053E+01  -0.96858E+00
   0.81681E+01  -0.95106E+00
   0.82310E+01  -0.92978E+00
   0.82938E+01  -0.90483E+00
   0.83566E+01  -0.87631E+00
   0.84195E+01  -0.84433E+00
   0.84823E+01  -0.80902E+00
   0.85451E+01  -0.77051E+00
   0.86080E+01  -0.72897E+00
   0.86708E+01  -0.68455E+00
   0.87336E+01  -0.63742E+00
   0.87965E+01  -0.58779E+00
   0.88593E+01  -0.53583E+00
   0.89221E+01  -0.48175E+00
   0.89850E+01  -0.42578E+00
   0.90478E+01  -0.36812E+00
   0.91106E+01  -0.30902E+00
   0.91735E+01  -0.24869E+00
   0.92363E+01  -0.18738E+00
   0.92991E+01  -0.12533E+00
   0.93619E+01  -0.62791E-01
   0.94248E+01   0.00000E+00
   0.94876E+01   0.62791E-01
   0.95504E+01   0.12533E+00
   0.96133E+01   0.18738E+00
   0.96761E+01   0.24869E+00
   0.97389E+01   0.30902E+00
   0.98018E+01   0.36812E+00
   0.98646E+01   0.42578E+00
   0.99274E+01   0.48175E+00
   0.99903E+01   0.53583E+00
   0.10053E+02   0.58779E+00
   0.10116E+02   0.63742E+00
   0.10179E+02   0.68455E+00
   0.10242E+02   0.72897E+00
   0.10304E+02   0.77051E+00
   0.10367E+02   0.80902E+00
   0.10430E+02   0.84433E+00
   0.10493E+02   0.87631E+00
   0.10556E+02   0.90483E+00
   0.10619E+02   0.92978E+00
   0.10681E+02   0.95106E+00
   0.10744E+02   0.96858E+00
   0.10807E+02   0.98229E+00
   0.10870E+02   0.99211E+00
   0.10933E+02   0.99803E+00
   0.10996E+02   0.10000E+01
   0.11058E+02   0.99803E+00
   0.11121E+02   0.99211E+00
   0.11184E+02   0.98229E+00
   0.11247E+02   0.96858E+00
   0.11310E+02   0.95106E+00
   0.11373E+02   0.92978E+00
   0.11435E+02   0.90483E+00
   0.11498E+02   0.87631E+00
   0.11561E+02   0.84433E+00
   0.11624E+02   0.80902E+00
   0.11687E+02   0.77051E+00
   0.11750E+02   0.72897E+00
   0.11812E+02   0.68455E+00
   0.11875E+02   0.63742E+00
   0.11938E+02   0.58779E+00
   0.12001E+02   0.53583E+00
   0.12064E+02   0.48175E+00
   0.12127E+02   0.42578E+00
   0.12189E+02   0.36812E+00
   0.12252E+02   0.30902E+00
   0.12315E+02   0.24869E+00
   0.12378E+02   0.18738E+00
   0.12441E+02   0.12533E+00
   0.12504E+02   0.62791E-01
   0.12566E+02   0.00000E+00
   0.12629E+02  -0.62791E-01
   0.12692E+02  -0.12533E+00
   0.12755E+02  -0.18738E+00
   0.12818E+02  -0.24869E+00
   0.12881E+02  -0.30902E+00
   0.12943E+02  -0.36812E+00
   0.13006E+02  -0.42578E+00
   0.13069E+02  -0.48175E+00
   0.13132E+02  -0.53583E+00
   0.13195E+02  -0.58779E+00
   0.13258E+02  -0.63742E+00
   0.13320E+02  -0.68455E+00
   0.13383E+02  -0.72897E+00
   0.13446E+02  -0.77051E+00
   0.13509E+02  -0.80902E+00
   0.13572E+02  -0.84433E+00
   0.13635E+02  -0.87631E+00
   0.13697E+02  -0.90483E+00
   0.13760E+02  -0.92978E+00
   0.13823E+02  -0.95106E+00
   0.13886E+02  -0.96858E+00
   0.13949E+02  -0.98229E+00
   0.14012E+02  -0.99211E+00
   0.14074E+02  -0.99803E+00
   0.14137E+02  -0.10000E+01
   0.14200E+02  -0.99803E+00
   0.14263E+02  -0.99211E+00
   0.14326E+02  -0.98229E+00
   0.14388E+02  -0.96858E+00
   0.14451E+02  -0.95106E+00
   0.14514E+02  -0.92978E+00
   0.14577E+02  -0.90483E+00
   0.14640E+02  -0.87631E+00
   0.14703E+02  -0.84433E+00
   0.14765E+02  -0.80902E+00
   0.14828E+02  -0.77051E+00
   0.14891E+02  -0.72897E+00
   0.14954E+02  -0.68455E+00
   0.15017E+02  -0.63742E+00
   0.15080E+02  -0.58779E+00
   0.15142E+02  -0.53583E+00
   0.15205E+02  -0.48175E+00
   0.15268E+02  -0.42578E+00
   0.15331E+02  -0.36812E+00
   0.15394E+02  -0.30902E+00
   0.15457E+02  -0.24869E+00
   0.15519E+02  -0.18738E+00
   0.15582E+02  -0.12533E+00
   0.15645E+02  -0.62791E-01
   0.15708E+02   0.00000E+00
   0.15771E+02   0.62791E-01
   0.15834E+02   0.12533E+00
   0.15896E+02   0.18738E+00
   0.15959E+02   0.24869E+00
   0.16022E+02   0.30902E+00
   0.16085E+02   0.36812E+00
   0.16148E+02   0.42578E+00
   0.16211E+02   0.48175E+00
   0.16273E+02   0.53583E+00
   0.16336E+02   0.58779E+00
   0.16399E+02   0.63742E+00
   0.16462E+02   0.68455E+00
   0.16525E+02   0.72897E+00
   0.16588E+02   0.77051E+00
   0.16650E+02   0.80902E+00
   0.16713E+02   0.84433E+00
   0.16776E+02   0.87631E+00
   0.16839E+02   0.90483E+00
   0.16902E+02   0.92978E+00
   0.16965E+02   0.95106E+00
   0.17027E+02   0.96858E+00
   0.17090E+02   0.98229E+00
   0.17153E+02   0.99211E+00
   0.17216E+02   0.99803E+00
   0.17279E+02   0.10000E+01
   0.17342E+02   0.99803E+00
   0.17404E+02   0.99211E+00
   0.17467E+02   0.98229E+00
   0.17530E+02   0.96858E+00
   0.17593E+02   0.95106E+00
   0.17656E+02   0.92978E+00
   0.17719E+02   0.90483E+00
   0.17781E+02   0.87631E+00
   0.17844E+02   0.84433E+00
   0.17907E+02   0.80902E+00
   0.17970E+02   0.77051E+00
   0.18033E+02   0.72897E+00
   0.18096E+02   0.68455E+00
   0.18158E+02   0.63742E+00
   0.18221E+02   0.58779E+00
   0.18284E+02   0.53583E+00
   0.18347E+02   0.48175E+00
   0.18410E+02   0.42578E+00
   0.18473E+02   0.36812E+00
   0.18535E+02   0.30902E+00
   0.18598E+02   0.24869E+00
   0.18661E+02   0.18738E+00
   0.18724E+02   0.12533E+00
   0.18787E+02   0.62791E-01
   0.18850E+02   0.00000E+00
   0.18912E+02  -0.62791E-01
   0.18975E+02  -0.12533E+00
   0.19038E+02  -0.18738E+00
   0.19101E+02  -0.24869E+00
   0.19164E+02  -0.30902E+00
   0.19227E+02  -0.36812E+00
   0.19289E+02  -0.42578E+00
   0.19352E+02  -0.48175E+00
   0.19415E+02  -0.53583E+00
   0.19478E+02  -0.58779E+00
   0.19541E+02  -0.63742E+00
   0.19604E+02  -0.68455E+00
   0.19666E+02  -0.72897E+00
   0.19729E+02  -0.77051E+00
   0.19792E+02  -0.80902E+00
   0.19855E+02  -0.84433E+00
   0.19918E+02  -0.87631E+00
   0.19981E+02  -0.90483E+00
   0.20043E+02  -0.92978E+00
   0.20106E+02  -0.95106E+00
   0.20169E+02  -0.96858E+00
   0.20232E+02  -0.98229E+00
   0.20295E+02  -0.99211E+00
   0.20358E+02  -0.99803E+00
   0.20420E+02  -0.10000E+01
   0.20483E+02  -0.99803E+00
   0.20546E+02  -0.99211E+00
   0.20609E+02  -0.98229E+00
   0.20672E+02  -0.96858E+00
   0.20735E+02  -0.95106E+00
   0.20797E+02  -0.92978E+00
   0.20860E+02  -0.90483E+00
   0.20923E+02  -0.87631E+00
   0.20986E+02  -0.84433E+00
   0.21049E+02  -0.80902E+00
   0.21112E+02  -0.77051E+00
   0.21174E+02  -0.72897E+00
   0.21237E+02  -0.68455E+00
   0.21300E+02  -0.63742E+00
   0.21363E+02  -0.58779E+00
   0.21426E+02  -0.53583E+00
   0.21488E+02  -0.48175E+00
   0.21551E+02  -0.42578E+00
   0.21614E+02  -0.36812E+00
   0.21677E+02  -0.30902E+00
   0.21740E+02  -0.24869E+00
   0.21803E+02  -0.18738E+00
   0.21865E+02  -0.12533E+00
   0.21928E+02  -0.62791E-01
   0.21991E+02   0.00000E+00
   0.22054E+02   0.62791E-01
   0.22117E+02   0.12533E+00
   0.22180E+02   0.18738E+00
   0.22242E+02   0.24869E+00
   0.22305E+02   0.30902E+00
   0.22368E+02   0.36812E+00
   0.22431E+02   0.42578E+00
   0.22494E+02   0.48175E+00
   0.22557E+02   0.53583E+00
   0.22619E+02   0.58779E+00
   0.22682E+02   0.63742E+00
   0.22745E+02   0.68455E+00
   0.22808E+02   0.72897E+00
   0.22871E+02   0.77051E+00
   0.22934E+02   0.80902E+00
   0.22996E+02   0.84433E+00
   0.23059E+02   0.87631E+00
   0.23122E+02   0.90483E+00
   0.23185E+02   0.92978E+00
   0.23248E+02   0.95106E+00
   0.23311E+02   0.96858E+00
   0.23373E+02   0.98229E+00
   0.23436E+02   0.99211E+00
   0.23499E+02   0.99803E+00
   0.23562E+02   0.10000E+01
   0.23625E+02   0.99803E+00
   0.23688E+02   0.99211E+00
   0.23750E+02   0.98229E+00
   0.23813E+02   0.96858E+00
   0.23876E+02   0.95106E+00
   0.23939E+02   0.92978E+00
   0.24002E+02   0.90483E+00
   0.24065E+02   0.87631E+00
   0.24127E+02   0.84433E+00
   0.24190E+02   0.80902E+00
   0.24253E+02   0.77051E+00
   0.24316E+02   0.72897E+00
   0.24379E+02   0.68455E+00
   0.24442E+02   0.63742E+00
   0.24504E+02   0.58779E+00
   0.24567E+02   0.53583E+00
   0.24630E+02   0.48175E+00
   0.24693E+02   0.42578E+00
   0.24756E+02   0.36812E+00
   0.24819E+02   0.30902E+00
   0.24881E+02   0.24869E+00
   0.24944E+02   0.18738E+00
   0.25007E+02   0.12533E+00
   0.25070E+02   0.62791E-01
   0.25133E+02   0.00000E+00
   0.25196E+02  -0.62791E-01
   0.25258E+02  -0.12533E+00
   0.25321E+02  -0.18738E+00
   0.25384E+02  -0.24869E+00
   0.25447E+02  -0.30902E+00
   0.25510E+02  -0.36812E+00
   0.25573E+02  -0.42578E+00
   0.25635E+02  -0.48175E+00
   0.25698E+02  -0.53583E+00
   0.25761E+02  -0.58779E+00
   0.25824E+02  -0.63742E+00
   0.25887E+02  -0.68455E+00
   0.25950E+02  -0.72897E+00
   0.26012E+02  -0.77051E+00
   0.26075E+02  -0.80902E+00
   0.26138E+02  -0.84433E+00
   0.26201E+02  -0.87631E+00
   0.26264E+02  -0.90483E+00
   0.26327E+02  -0.92978E+00
   0.26389E+02  -0.95106E+00
   0.26452E+02  -0.96858E+00
   0.26515E+02  -0.98229E+00
   0.26578E+02  -0.99211E+00
   0.26641E+02  -0.99803E+00
   0.26704E+02  -0.10000E+01
   0.26766E+02  -0.99803E+00
   0.26829E+02  -0.99211E+00
   0.26892E+02  -0.98229E+00
   0.26955E+02  -0.96858E+00
   0.27018E+02  -0.95106E+00
   0.27081E+02  -0.92978E+00
   0.27143E+02  -0.90483E+00
   0.27206E+02  -0.87631E+00
   0.27269E+02  -0.84433E+00
   0.27332E+02  -0.80902E+00
   0.27395E+02  -0.77051E+00
   0.27458E+02  -0.72897E+00
   0.27520E+02  -0.68455E+00
   0.27583E+02  -0.63742E+00
   0.27646E+02  -0.58779E+00
   0.27709E+02  -0.53583E+00
   0.27772E+02  -0.48175E+00
   0.27835E+02  -0.42578E+00
   0.27897E+02  -0.36812E+00
   0.27960E+02  -0.30902E+00
   0.28023E+02  -0.24869E+00
   0.28086E+02  -0.18738E+00
   0.28149E+02  -0.12533E+00
   0.28212E+02  -0.62791E-01
   0.28274E+02   0.00000E+00
   0.28337E+02   0.62791E-01
   0.28400E+02   0.12533E+00
   0.28463E+02   0.18738E+00
   0.28526E+02   0.24869E+00
   0.28588E+02   0.30902E+00
   0.28651E+02   0.36812E+00
   0.28714E+02   0.42578E+00
   0.28777E+02   0.48175E+00
   0.28840E+02   0.53583E+00
   0.28903E+02   0.58779E+00
   0.28965E+02   0.63742E+00
   0.29028E+02   0.68455E+00
   0.29091E+02   0.72897E+00
   0.29154E+02   0.77051E+00
   0.29217E+02   0.80902E+00
   0.29280E+02   0.84433E+00
   0.29342E+02   0.87631E+00
   0.29405E+02   0.90483E+00
   0.29468E+02   0.92978E+00
   0.29531E+02   0.95106E+00
   0.29594E+02   0.96858E+00
   0.29657E+02   0.98229E+00
   0.29719E+02   0.99211E+00
   0.29782E+02   0.99803E+00
   0.29845E+02   0.10000E+01
   0.29908E+02   0.99803E+00
   0.29971E+02   0.99211E+00
   0.30034E+02   0.98229E+00
   0.30096E+02   0.96858E+00
   0.30159E+02   0.95106E+00
   0.30222E+02   0.92978E+00
   0.30285E+02   0.90483E+00
   0.30348E+02   0.87631E+00
   0.30411E+02   0.84433E+00
   0.30473E+02   0.80902E+00
   0.30536E+02   0.77051E+00
   0.30599E+02   0.72897E+00
   0.30662E+02   0.68455E+00
   0.30725E+02   0.63742E+00
   0.30788E+02   0.58779E+00
   0.30850E+02   0.53583E+00
   0.30913E+02   0.48175E+00
   0.30976E+02   0.42578E+00
   0.31039E+02   0.36812E+00
   0.31102E+02   0.30902E+00
   0.31165E+02   0.24869E+00
   0.31227E+02   0.18738E+00
   0.31290E+02   0.12533E+00
   0.31353E+02   0.62791E-01
   0.31416E+02   0.00000E+00
