   0.00000E+00   0.39893E-09
   0.62832E-01   0.42564E-04
   0.12566E+00   0.17031E-03
   0.18850E+00   0.38338E-03
   0.25133E+00   0.68206E-03
   0.31416E+00   0.10667E-02
   0.37699E+00   0.15378E-02
   0.43982E+00   0.20958E-02
   0.50265E+00   0.27416E-02
   0.56549E+00   0.34758E-02
   0.62832E+00   0.42995E-02
   0.69115E+00   0.52135E-02
   0.75398E+00   0.62191E-02
   0.81681E+00   0.73175E-02
   0.87965E+00   0.85101E-02
   0.94248E+00   0.97984E-02
   0.10053E+01   0.11184E-01
   0.10681E+01   0.12669E-01
   0.11310E+01   0.14254E-01
   0.11938E+01   0.15943E-01
   0.12566E+01   0.17736E-01
   0.13195E+01   0.19638E-01
   0.13823E+01   0.21649E-01
   0.14451E+01   0.23773E-01
   0.15080E+01   0.26012E-01
   0.15708E+01   0.28370E-01
   0.16336E+01   0.30849E-01
   0.16965E+01   0.33454E-01
   0.17593E+01   0.36187E-01
   0.18221E+01   0.39052E-01
   0.18850E+01   0.42054E-01
   0.19478E+01   0.45196E-01
   0.20106E+01   0.48483E-01
   0.20735E+01   0.51921E-01
   0.21363E+01   0.55513E-01
   0.21991E+01   0.59265E-01
   0.22619E+01   0.63182E-01
   0.23248E+01   0.67271E-01
   0.23876E+01   0.71538E-01
   0.24504E+01   0.75990E-01
   0.25133E+01   0.80632E-01
   0.25761E+01   0.85473E-01
   0.26389E+01   0.90521E-01
   0.27018E+01   0.95783E-01
   0.27646E+01   0.10127E+00
   0.28274E+01   0.10699E+00
   0.28903E+01   0.11294E+00
   0.29531E+01   0.11916E+00
   0.30159E+01   0.12563E+00
   0.30788E+01   0.13238E+00
   0.31416E+01   0.13942E+00
   0.32044E+01   0.14675E+00
   0.32673E+01   0.15440E+00
   0.33301E+01   0.16238E+00
   0.33929E+01   0.17070E+00
   0.34558E+01   0.17937E+00
   0.35186E+01   0.18843E+00
   0.35814E+01   0.19788E+00
   0.36442E+01   0.20774E+00
   0.37071E+01   0.21804E+00
   0.37699E+01   0.22879E+00
   0.38327E+01   0.24003E+00
   0.38956E+01   0.25177E+00
   0.39584E+01   0.26405E+00
   0.40212E+01   0.27688E+00
   0.40841E+01   0.29031E+00
   0.41469E+01   0.30435E+00
   0.42097E+01   0.31906E+00
   0.42726E+01   0.33446E+00
   0.43354E+01   0.35060E+00
   0.43982E+01   0.36752E+00
   0.44611E+01   0.38526E+00
   0.45239E+01   0.40387E+00
   0.45867E+01   0.42341E+00
   0.46496E+01   0.44393E+00
   0.47124E+01   0.46550E+00
   0.47752E+01   0.48818E+00
   0.48381E+01   0.51203E+00
   0.49009E+01   0.53715E+00
   0.49637E+01   0.56361E+00
   0.50265E+01   0.59150E+00
   0.50894E+01   0.62092E+00
   0.51522E+01   0.65198E+00
   0.52150E+01   0.68479E+00
   0.52779E+01   0.71947E+00
   0.53407E+01   0.75617E+00
   0.54035E+01   0.79504E+00
   0.54664E+01   0.83623E+00
   0.55292E+01   0.87992E+00
   0.55920E+01   0.92632E+00
   0.56549E+01   0.97563E+00
   0.57177E+01   0.10281E+01
   0.57805E+01   0.10840E+01
   0.58434E+01   0.11436E+01
   0.59062E+01   0.12071E+01
   0.59690E+01   0.12751E+01
   0.60319E+01   0.13479E+01
   0.60947E+01   0.14258E+01
   0.61575E+01   0.15094E+01
   0.62204E+01   0.15992E+01
   0.62832E+01   0.16959E+01
   0.63460E+01   0.18001E+01
   0.64088E+01   0.19126E+01
   0.64717E+01   0.20342E+01
   0.65345E+01   0.21660E+01
   0.65973E+01   0.23090E+01
   0.66602E+01   0.24646E+01
   0.67230E+01   0.26342E+01
   0.67858E+01   0.28194E+01
   0.68487E+01   0.30223E+01
   0.69115E+01   0.32450E+01
   0.69743E+01   0.34901E+01
   0.70372E+01   0.37606E+01
   0.71000E+01   0.40602E+01
   0.71628E+01   0.43930E+01
   0.72257E+01   0.47639E+01
   0.72885E+01   0.51789E+01
   0.73513E+01   0.56450E+01
   0.74142E+01   0.61709E+01
   0.74770E+01   0.67669E+01
   0.75398E+01   0.74459E+01
   0.76027E+01   0.82236E+01
   0.76655E+01   0.91198E+01
   0.77283E+01   0.10159E+02
   0.77911E+01   0.11374E+02
   0.78540E+01   0.12804E+02
   0.79168E+01   0.14504E+02
   0.79796E+01   0.16544E+02
   0.80425E+01   0.19020E+02
   0.81053E+01   0.22065E+02
   0.81681E+01   0.25864E+02
   0.82310E+01   0.30684E+02
   0.82938E+01   0.36922E+02
   0.83566E+01   0.45189E+02
   0.84195E+01   0.56459E+02
   0.84823E+01   0.72367E+02
   0.85451E+01   0.95830E+02
   0.86080E+01   0.13246E+03
   0.86708E+01   0.19425E+03
   0.87336E+01   0.31061E+03
   0.87965E+01   0.57078E+03
   0.88593E+01   0.13621E+04
   0.89221E+01   0.64465E+04
   0.89850E+01   0.23393E+06
   0.90478E+01   0.36847E+04
   0.91106E+01   0.10565E+04
   0.91735E+01   0.49500E+03
   0.92363E+01   0.28711E+03
   0.92991E+01   0.18776E+03
   0.93619E+01   0.13262E+03
   0.94248E+01   0.98836E+02
   0.94876E+01   0.76629E+02
   0.95504E+01   0.61241E+02
   0.96133E+01   0.50133E+02
   0.96761E+01   0.41847E+02
   0.97389E+01   0.35498E+02
   0.98018E+01   0.30524E+02
   0.98646E+01   0.26551E+02
   0.99274E+01   0.23327E+02
   0.99903E+01   0.20674E+02
   0.10053E+02   0.18463E+02
   0.10116E+02   0.16600E+02
   0.10179E+02   0.15016E+02
   0.10242E+02   0.13656E+02
   0.10304E+02   0.12481E+02
   0.10367E+02   0.11457E+02
   0.10430E+02   0.10560E+02
   0.10493E+02   0.97693E+01
   0.10556E+02   0.90684E+01
   0.10619E+02   0.84442E+01
   0.10681E+02   0.78856E+01
   0.10744E+02   0.73837E+01
   0.10807E+02   0.69310E+01
   0.10870E+02   0.65212E+01
   0.10933E+02   0.61488E+01
   0.10996E+02   0.58095E+01
   0.11058E+02   0.54993E+01
   0.11121E+02   0.52150E+01
   0.11184E+02   0.49537E+01
   0.11247E+02   0.47130E+01
   0.11310E+02   0.44906E+01
   0.11373E+02   0.42849E+01
   0.11435E+02   0.40940E+01
   0.11498E+02   0.39167E+01
   0.11561E+02   0.37515E+01
   0.11624E+02   0.35975E+01
   0.11687E+02   0.34535E+01
   0.11750E+02   0.33188E+01
   0.11812E+02   0.31926E+01
   0.11875E+02   0.30741E+01
   0.11938E+02   0.29627E+01
   0.12001E+02   0.28578E+01
   0.12064E+02   0.27590E+01
   0.12127E+02   0.26657E+01
   0.12189E+02   0.25777E+01
   0.12252E+02   0.24945E+01
   0.12315E+02   0.24158E+01
   0.12378E+02   0.23416E+01
   0.12441E+02   0.22718E+01
   0.12504E+02   0.22083E+01
   0.12566E+02   0.24914E+06
   0.12629E+02   0.20664E+01
   0.12692E+02   0.20122E+01
   0.12755E+02   0.19580E+01
   0.12818E+02   0.19056E+01
   0.12881E+02   0.18554E+01
   0.12943E+02   0.18073E+01
   0.13006E+02   0.17611E+01
   0.13069E+02   0.17170E+01
   0.13132E+02   0.16746E+01
   0.13195E+02   0.16340E+01
   0.13258E+02   0.15951E+01
   0.13320E+02   0.15577E+01
   0.13383E+02   0.15217E+01
   0.13446E+02   0.14872E+01
   0.13509E+02   0.14540E+01
   0.13572E+02   0.14221E+01
   0.13635E+02   0.13913E+01
   0.13697E+02   0.13617E+01
   0.13760E+02   0.13331E+01
   0.13823E+02   0.13056E+01
   0.13886E+02   0.12791E+01
   0.13949E+02   0.12535E+01
   0.14012E+02   0.12287E+01
   0.14074E+02   0.12048E+01
   0.14137E+02   0.11817E+01
   0.14200E+02   0.11594E+01
   0.14263E+02   0.11378E+01
   0.14326E+02   0.11169E+01
   0.14388E+02   0.10967E+01
   0.14451E+02   0.10771E+01
   0.14514E+02   0.10581E+01
   0.14577E+02   0.10397E+01
   0.14640E+02   0.10219E+01
   0.14703E+02   0.10046E+01
   0.14765E+02   0.98786E+00
   0.14828E+02   0.97158E+00
   0.14891E+02   0.95578E+00
   0.14954E+02   0.94044E+00
   0.15017E+02   0.92553E+00
   0.15080E+02   0.91104E+00
   0.15142E+02   0.89696E+00
   0.15205E+02   0.88327E+00
   0.15268E+02   0.86996E+00
   0.15331E+02   0.85700E+00
   0.15394E+02   0.84440E+00
   0.15457E+02   0.83213E+00
   0.15519E+02   0.82018E+00
   0.15582E+02   0.80854E+00
   0.15645E+02   0.79721E+00
   0.15708E+02   0.78616E+00
   0.15771E+02   0.77540E+00
   0.15834E+02   0.76490E+00
   0.15896E+02   0.75467E+00
   0.15959E+02   0.74468E+00
   0.16022E+02   0.73494E+00
   0.16085E+02   0.72544E+00
   0.16148E+02   0.71617E+00
   0.16211E+02   0.70711E+00
   0.16273E+02   0.69827E+00
   0.16336E+02   0.68964E+00
   0.16399E+02   0.68120E+00
   0.16462E+02   0.67296E+00
   0.16525E+02   0.66491E+00
   0.16588E+02   0.65704E+00
   0.16650E+02   0.64935E+00
   0.16713E+02   0.64182E+00
   0.16776E+02   0.63447E+00
   0.16839E+02   0.62727E+00
   0.16902E+02   0.62023E+00
   0.16965E+02   0.61334E+00
   0.17027E+02   0.60660E+00
   0.17090E+02   0.60000E+00
   0.17153E+02   0.59355E+00
   0.17216E+02   0.58722E+00
   0.17279E+02   0.58103E+00
   0.17342E+02   0.57496E+00
   0.17404E+02   0.56902E+00
   0.17467E+02   0.56320E+00
   0.17530E+02   0.55750E+00
   0.17593E+02   0.55191E+00
   0.17656E+02   0.54643E+00
   0.17719E+02   0.54106E+00
   0.17781E+02   0.53580E+00
   0.17844E+02   0.53064E+00
   0.17907E+02   0.52558E+00
   0.17970E+02   0.52061E+00
   0.18033E+02   0.51574E+00
   0.18096E+02   0.51097E+00
   0.18158E+02   0.50628E+00
   0.18221E+02   0.50168E+00
   0.18284E+02   0.49717E+00
   0.18347E+02   0.49274E+00
   0.18410E+02   0.48839E+00
   0.18473E+02   0.48412E+00
   0.18535E+02   0.47993E+00
   0.18598E+02   0.47581E+00
   0.18661E+02   0.47177E+00
   0.18724E+02   0.46780E+00
   0.18787E+02   0.46390E+00
   0.18850E+02   0.46007E+00
   0.18912E+02   0.45631E+00
   0.18975E+02   0.45262E+00
   0.19038E+02   0.44898E+00
   0.19101E+02   0.44541E+00
   0.19164E+02   0.44190E+00
   0.19227E+02   0.43846E+00
   0.19289E+02   0.43507E+00
   0.19352E+02   0.43173E+00
   0.19415E+02   0.42846E+00
   0.19478E+02   0.42523E+00
   0.19541E+02   0.42207E+00
   0.19604E+02   0.41895E+00
   0.19666E+02   0.41589E+00
   0.19729E+02   0.41287E+00
   0.19792E+02   0.40991E+00
   0.19855E+02   0.40699E+00
   0.19918E+02   0.40413E+00
   0.19981E+02   0.40130E+00
   0.20043E+02   0.39853E+00
   0.20106E+02   0.39579E+00
   0.20169E+02   0.39310E+00
   0.20232E+02   0.39046E+00
   0.20295E+02   0.38785E+00
   0.20358E+02   0.38529E+00
   0.20420E+02   0.38277E+00
   0.20483E+02   0.38028E+00
   0.20546E+02   0.37784E+00
   0.20609E+02   0.37543E+00
   0.20672E+02   0.37306E+00
   0.20735E+02   0.37072E+00
   0.20797E+02   0.36843E+00
   0.20860E+02   0.36616E+00
   0.20923E+02   0.36393E+00
   0.20986E+02   0.36174E+00
   0.21049E+02   0.35958E+00
   0.21112E+02   0.35745E+00
   0.21174E+02   0.35535E+00
   0.21237E+02   0.35328E+00
   0.21300E+02   0.35125E+00
   0.21363E+02   0.34924E+00
   0.21426E+02   0.34727E+00
   0.21488E+02   0.34532E+00
   0.21551E+02   0.34341E+00
   0.21614E+02   0.34152E+00
   0.21677E+02   0.33966E+00
   0.21740E+02   0.33782E+00
   0.21803E+02   0.33601E+00
   0.21865E+02   0.33423E+00
   0.21928E+02   0.33248E+00
   0.21991E+02   0.33075E+00
   0.22054E+02   0.32904E+00
   0.22117E+02   0.32736E+00
   0.22180E+02   0.32571E+00
   0.22242E+02   0.32408E+00
   0.22305E+02   0.32247E+00
   0.22368E+02   0.32088E+00
   0.22431E+02   0.31932E+00
   0.22494E+02   0.31778E+00
   0.22557E+02   0.31626E+00
   0.22619E+02   0.31476E+00
   0.22682E+02   0.31329E+00
   0.22745E+02   0.31183E+00
   0.22808E+02   0.31040E+00
   0.22871E+02   0.30898E+00
   0.22934E+02   0.30759E+00
   0.22996E+02   0.30622E+00
   0.23059E+02   0.30486E+00
   0.23122E+02   0.30353E+00
   0.23185E+02   0.30221E+00
   0.23248E+02   0.30091E+00
   0.23311E+02   0.29963E+00
   0.23373E+02   0.29837E+00
   0.23436E+02   0.29712E+00
   0.23499E+02   0.29590E+00
   0.23562E+02   0.29469E+00
   0.23625E+02   0.29349E+00
   0.23688E+02   0.29232E+00
   0.23750E+02   0.29116E+00
   0.23813E+02   0.29002E+00
   0.23876E+02   0.28889E+00
   0.23939E+02   0.28778E+00
   0.24002E+02   0.28668E+00
   0.24065E+02   0.28560E+00
   0.24127E+02   0.28454E+00
   0.24190E+02   0.28349E+00
   0.24253E+02   0.28246E+00
   0.24316E+02   0.28144E+00
   0.24379E+02   0.28043E+00
   0.24442E+02   0.27944E+00
   0.24504E+02   0.27846E+00
   0.24567E+02   0.27750E+00
   0.24630E+02   0.27655E+00
   0.24693E+02   0.27561E+00
   0.24756E+02   0.27469E+00
   0.24819E+02   0.27378E+00
   0.24881E+02   0.27289E+00
   0.24944E+02   0.27200E+00
   0.25007E+02   0.27113E+00
   0.25070E+02   0.27027E+00
   0.25133E+02   0.26943E+00
   0.25196E+02   0.26860E+00
   0.25258E+02   0.26777E+00
   0.25321E+02   0.26697E+00
   0.25384E+02   0.26617E+00
   0.25447E+02   0.26538E+00
   0.25510E+02   0.26461E+00
   0.25573E+02   0.26385E+00
   0.25635E+02   0.26310E+00
   0.25698E+02   0.26236E+00
   0.25761E+02   0.26163E+00
   0.25824E+02   0.26091E+00
   0.25887E+02   0.26021E+00
   0.25950E+02   0.25951E+00
   0.26012E+02   0.25883E+00
   0.26075E+02   0.25815E+00
   0.26138E+02   0.25749E+00
   0.26201E+02   0.25684E+00
   0.26264E+02   0.25619E+00
   0.26327E+02   0.25556E+00
   0.26389E+02   0.25494E+00
   0.26452E+02   0.25432E+00
   0.26515E+02   0.25372E+00
   0.26578E+02   0.25313E+00
   0.26641E+02   0.25255E+00
   0.26704E+02   0.25197E+00
   0.26766E+02   0.25141E+00
   0.26829E+02   0.25085E+00
   0.26892E+02   0.25031E+00
   0.26955E+02   0.24977E+00
   0.27018E+02   0.24924E+00
   0.27081E+02   0.24873E+00
   0.27143E+02   0.24822E+00
   0.27206E+02   0.24772E+00
   0.27269E+02   0.24723E+00
   0.27332E+02   0.24674E+00
   0.27395E+02   0.24627E+00
   0.27458E+02   0.24580E+00
   0.27520E+02   0.24535E+00
   0.27583E+02   0.24490E+00
   0.27646E+02   0.24446E+00
   0.27709E+02   0.24403E+00
   0.27772E+02   0.24361E+00
   0.27835E+02   0.24319E+00
   0.27897E+02   0.24279E+00
   0.27960E+02   0.24239E+00
   0.28023E+02   0.24200E+00
   0.28086E+02   0.24162E+00
   0.28149E+02   0.24125E+00
   0.28212E+02   0.24088E+00
   0.28274E+02   0.24052E+00
   0.28337E+02   0.24017E+00
   0.28400E+02   0.23983E+00
   0.28463E+02   0.23950E+00
   0.28526E+02   0.23917E+00
   0.28588E+02   0.23885E+00
   0.28651E+02   0.23854E+00
   0.28714E+02   0.23823E+00
   0.28777E+02   0.23794E+00
   0.28840E+02   0.23765E+00
   0.28903E+02   0.23737E+00
   0.28965E+02   0.23709E+00
   0.29028E+02   0.23683E+00
   0.29091E+02   0.23657E+00
   0.29154E+02   0.23632E+00
   0.29217E+02   0.23607E+00
   0.29280E+02   0.23584E+00
   0.29342E+02   0.23561E+00
   0.29405E+02   0.23538E+00
   0.29468E+02   0.23517E+00
   0.29531E+02   0.23496E+00
   0.29594E+02   0.23476E+00
   0.29657E+02   0.23456E+00
   0.29719E+02   0.23438E+00
   0.29782E+02   0.23420E+00
   0.29845E+02   0.23402E+00
   0.29908E+02   0.23386E+00
   0.29971E+02   0.23370E+00
   0.30034E+02   0.23354E+00
   0.30096E+02   0.23340E+00
   0.30159E+02   0.23326E+00
   0.30222E+02   0.23313E+00
   0.30285E+02   0.23300E+00
   0.30348E+02   0.23289E+00
   0.30411E+02   0.23277E+00
   0.30473E+02   0.23267E+00
   0.30536E+02   0.23257E+00
   0.30599E+02   0.23248E+00
   0.30662E+02   0.23240E+00
   0.30725E+02   0.23232E+00
   0.30788E+02   0.23225E+00
   0.30850E+02   0.23219E+00
   0.30913E+02   0.23213E+00
   0.30976E+02   0.23208E+00
   0.31039E+02   0.23203E+00
   0.31102E+02   0.23200E+00
   0.31165E+02   0.23197E+00
   0.31227E+02   0.23194E+00
   0.31290E+02   0.23193E+00
   0.31353E+02   0.23192E+00
   0.31416E+02   0.23191E+00
  -0.31353E+02   0.23192E+00
  -0.31290E+02   0.23193E+00
  -0.31227E+02   0.23194E+00
  -0.31165E+02   0.23197E+00
  -0.31102E+02   0.23200E+00
  -0.31039E+02   0.23203E+00
  -0.30976E+02   0.23208E+00
  -0.30913E+02   0.23213E+00
  -0.30850E+02   0.23219E+00
  -0.30788E+02   0.23225E+00
  -0.30725E+02   0.23232E+00
  -0.30662E+02   0.23240E+00
  -0.30599E+02   0.23248E+00
  -0.30536E+02   0.23257E+00
  -0.30473E+02   0.23267E+00
  -0.30411E+02   0.23277E+00
  -0.30348E+02   0.23289E+00
  -0.30285E+02   0.23300E+00
  -0.30222E+02   0.23313E+00
  -0.30159E+02   0.23326E+00
  -0.30096E+02   0.23340E+00
  -0.30034E+02   0.23354E+00
  -0.29971E+02   0.23370E+00
  -0.29908E+02   0.23386E+00
  -0.29845E+02   0.23402E+00
  -0.29782E+02   0.23420E+00
  -0.29719E+02   0.23438E+00
  -0.29657E+02   0.23456E+00
  -0.29594E+02   0.23476E+00
  -0.29531E+02   0.23496E+00
  -0.29468E+02   0.23517E+00
  -0.29405E+02   0.23538E+00
  -0.29342E+02   0.23561E+00
  -0.29280E+02   0.23584E+00
  -0.29217E+02   0.23607E+00
  -0.29154E+02   0.23632E+00
  -0.29091E+02   0.23657E+00
  -0.29028E+02   0.23683E+00
  -0.28965E+02   0.23709E+00
  -0.28903E+02   0.23737E+00
  -0.28840E+02   0.23765E+00
  -0.28777E+02   0.23794E+00
  -0.28714E+02   0.23823E+00
  -0.28651E+02   0.23854E+00
  -0.28588E+02   0.23885E+00
  -0.28526E+02   0.23917E+00
  -0.28463E+02   0.23950E+00
  -0.28400E+02   0.23983E+00
  -0.28337E+02   0.24017E+00
  -0.28274E+02   0.24052E+00
  -0.28212E+02   0.24088E+00
  -0.28149E+02   0.24125E+00
  -0.28086E+02   0.24162E+00
  -0.28023E+02   0.24200E+00
  -0.27960E+02   0.24239E+00
  -0.27897E+02   0.24279E+00
  -0.27835E+02   0.24319E+00
  -0.27772E+02   0.24361E+00
  -0.27709E+02   0.24403E+00
  -0.27646E+02   0.24446E+00
  -0.27583E+02   0.24490E+00
  -0.27520E+02   0.24535E+00
  -0.27458E+02   0.24580E+00
  -0.27395E+02   0.24627E+00
  -0.27332E+02   0.24674E+00
  -0.27269E+02   0.24723E+00
  -0.27206E+02   0.24772E+00
  -0.27143E+02   0.24822E+00
  -0.27081E+02   0.24873E+00
  -0.27018E+02   0.24924E+00
  -0.26955E+02   0.24977E+00
  -0.26892E+02   0.25031E+00
  -0.26829E+02   0.25085E+00
  -0.26766E+02   0.25141E+00
  -0.26704E+02   0.25197E+00
  -0.26641E+02   0.25255E+00
  -0.26578E+02   0.25313E+00
  -0.26515E+02   0.25372E+00
  -0.26452E+02   0.25432E+00
  -0.26389E+02   0.25494E+00
  -0.26327E+02   0.25556E+00
  -0.26264E+02   0.25619E+00
  -0.26201E+02   0.25684E+00
  -0.26138E+02   0.25749E+00
  -0.26075E+02   0.25815E+00
  -0.26012E+02   0.25883E+00
  -0.25950E+02   0.25951E+00
  -0.25887E+02   0.26021E+00
  -0.25824E+02   0.26091E+00
  -0.25761E+02   0.26163E+00
  -0.25698E+02   0.26236E+00
  -0.25635E+02   0.26310E+00
  -0.25573E+02   0.26385E+00
  -0.25510E+02   0.26461E+00
  -0.25447E+02   0.26538E+00
  -0.25384E+02   0.26617E+00
  -0.25321E+02   0.26697E+00
  -0.25258E+02   0.26777E+00
  -0.25196E+02   0.26860E+00
  -0.25133E+02   0.26943E+00
  -0.25070E+02   0.27027E+00
  -0.25007E+02   0.27113E+00
  -0.24944E+02   0.27200E+00
  -0.24881E+02   0.27289E+00
  -0.24819E+02   0.27378E+00
  -0.24756E+02   0.27469E+00
  -0.24693E+02   0.27561E+00
  -0.24630E+02   0.27655E+00
  -0.24567E+02   0.27750E+00
  -0.24504E+02   0.27846E+00
  -0.24442E+02   0.27944E+00
  -0.24379E+02   0.28043E+00
  -0.24316E+02   0.28144E+00
  -0.24253E+02   0.28246E+00
  -0.24190E+02   0.28349E+00
  -0.24127E+02   0.28454E+00
  -0.24065E+02   0.28560E+00
  -0.24002E+02   0.28668E+00
  -0.23939E+02   0.28778E+00
  -0.23876E+02   0.28889E+00
  -0.23813E+02   0.29002E+00
  -0.23750E+02   0.29116E+00
  -0.23688E+02   0.29232E+00
  -0.23625E+02   0.29349E+00
  -0.23562E+02   0.29469E+00
  -0.23499E+02   0.29590E+00
  -0.23436E+02   0.29712E+00
  -0.23373E+02   0.29837E+00
  -0.23311E+02   0.29963E+00
  -0.23248E+02   0.30091E+00
  -0.23185E+02   0.30221E+00
  -0.23122E+02   0.30353E+00
  -0.23059E+02   0.30486E+00
  -0.22996E+02   0.30622E+00
  -0.22934E+02   0.30759E+00
  -0.22871E+02   0.30898E+00
  -0.22808E+02   0.31040E+00
  -0.22745E+02   0.31183E+00
  -0.22682E+02   0.31329E+00
  -0.22619E+02   0.31476E+00
  -0.22557E+02   0.31626E+00
  -0.22494E+02   0.31778E+00
  -0.22431E+02   0.31932E+00
  -0.22368E+02   0.32088E+00
  -0.22305E+02   0.32247E+00
  -0.22242E+02   0.32408E+00
  -0.22180E+02   0.32571E+00
  -0.22117E+02   0.32736E+00
  -0.22054E+02   0.32904E+00
  -0.21991E+02   0.33075E+00
  -0.21928E+02   0.33248E+00
  -0.21865E+02   0.33423E+00
  -0.21803E+02   0.33601E+00
  -0.21740E+02   0.33782E+00
  -0.21677E+02   0.33966E+00
  -0.21614E+02   0.34152E+00
  -0.21551E+02   0.34341E+00
  -0.21488E+02   0.34532E+00
  -0.21426E+02   0.34727E+00
  -0.21363E+02   0.34924E+00
  -0.21300E+02   0.35125E+00
  -0.21237E+02   0.35328E+00
  -0.21174E+02   0.35535E+00
  -0.21112E+02   0.35745E+00
  -0.21049E+02   0.35958E+00
  -0.20986E+02   0.36174E+00
  -0.20923E+02   0.36393E+00
  -0.20860E+02   0.36616E+00
  -0.20797E+02   0.36843E+00
  -0.20735E+02   0.37072E+00
  -0.20672E+02   0.37306E+00
  -0.20609E+02   0.37543E+00
  -0.20546E+02   0.37784E+00
  -0.20483E+02   0.38028E+00
  -0.20420E+02   0.38277E+00
  -0.20358E+02   0.38529E+00
  -0.20295E+02   0.38785E+00
  -0.20232E+02   0.39046E+00
  -0.20169E+02   0.39310E+00
  -0.20106E+02   0.39579E+00
  -0.20043E+02   0.39853E+00
  -0.19981E+02   0.40130E+00
  -0.19918E+02   0.40413E+00
  -0.19855E+02   0.40699E+00
  -0.19792E+02   0.40991E+00
  -0.19729E+02   0.41287E+00
  -0.19666E+02   0.41589E+00
  -0.19604E+02   0.41895E+00
  -0.19541E+02   0.42207E+00
  -0.19478E+02   0.42523E+00
  -0.19415E+02   0.42846E+00
  -0.19352E+02   0.43173E+00
  -0.19289E+02   0.43507E+00
  -0.19227E+02   0.43846E+00
  -0.19164E+02   0.44190E+00
  -0.19101E+02   0.44541E+00
  -0.19038E+02   0.44898E+00
  -0.18975E+02   0.45262E+00
  -0.18912E+02   0.45631E+00
  -0.18850E+02   0.46007E+00
  -0.18787E+02   0.46390E+00
  -0.18724E+02   0.46780E+00
  -0.18661E+02   0.47177E+00
  -0.18598E+02   0.47581E+00
  -0.18535E+02   0.47993E+00
  -0.18473E+02   0.48412E+00
  -0.18410E+02   0.48839E+00
  -0.18347E+02   0.49274E+00
  -0.18284E+02   0.49717E+00
  -0.18221E+02   0.50168E+00
  -0.18158E+02   0.50628E+00
  -0.18096E+02   0.51097E+00
  -0.18033E+02   0.51574E+00
  -0.17970E+02   0.52061E+00
  -0.17907E+02   0.52558E+00
  -0.17844E+02   0.53064E+00
  -0.17781E+02   0.53580E+00
  -0.17719E+02   0.54106E+00
  -0.17656E+02   0.54643E+00
  -0.17593E+02   0.55191E+00
  -0.17530E+02   0.55750E+00
  -0.17467E+02   0.56320E+00
  -0.17404E+02   0.56902E+00
  -0.17342E+02   0.57496E+00
  -0.17279E+02   0.58103E+00
  -0.17216E+02   0.58722E+00
  -0.17153E+02   0.59355E+00
  -0.17090E+02   0.60000E+00
  -0.17027E+02   0.60660E+00
  -0.16965E+02   0.61334E+00
  -0.16902E+02   0.62023E+00
  -0.16839E+02   0.62727E+00
  -0.16776E+02   0.63447E+00
  -0.16713E+02   0.64182E+00
  -0.16650E+02   0.64935E+00
  -0.16588E+02   0.65704E+00
  -0.16525E+02   0.66491E+00
  -0.16462E+02   0.67296E+00
  -0.16399E+02   0.68120E+00
  -0.16336E+02   0.68964E+00
  -0.16273E+02   0.69827E+00
  -0.16211E+02   0.70711E+00
  -0.16148E+02   0.71617E+00
  -0.16085E+02   0.72544E+00
  -0.16022E+02   0.73494E+00
  -0.15959E+02   0.74468E+00
  -0.15896E+02   0.75467E+00
  -0.15834E+02   0.76490E+00
  -0.15771E+02   0.77540E+00
  -0.15708E+02   0.78616E+00
  -0.15645E+02   0.79721E+00
  -0.15582E+02   0.80854E+00
  -0.15519E+02   0.82018E+00
  -0.15457E+02   0.83213E+00
  -0.15394E+02   0.84440E+00
  -0.15331E+02   0.85700E+00
  -0.15268E+02   0.86996E+00
  -0.15205E+02   0.88327E+00
  -0.15142E+02   0.89696E+00
  -0.15080E+02   0.91104E+00
  -0.15017E+02   0.92553E+00
  -0.14954E+02   0.94044E+00
  -0.14891E+02   0.95578E+00
  -0.14828E+02   0.97158E+00
  -0.14765E+02   0.98786E+00
  -0.14703E+02   0.10046E+01
  -0.14640E+02   0.10219E+01
  -0.14577E+02   0.10397E+01
  -0.14514E+02   0.10581E+01
  -0.14451E+02   0.10771E+01
  -0.14388E+02   0.10967E+01
  -0.14326E+02   0.11169E+01
  -0.14263E+02   0.11378E+01
  -0.14200E+02   0.11594E+01
  -0.14137E+02   0.11817E+01
  -0.14074E+02   0.12048E+01
  -0.14012E+02   0.12287E+01
  -0.13949E+02   0.12535E+01
  -0.13886E+02   0.12791E+01
  -0.13823E+02   0.13056E+01
  -0.13760E+02   0.13331E+01
  -0.13697E+02   0.13617E+01
  -0.13635E+02   0.13913E+01
  -0.13572E+02   0.14221E+01
  -0.13509E+02   0.14540E+01
  -0.13446E+02   0.14872E+01
  -0.13383E+02   0.15217E+01
  -0.13320E+02   0.15577E+01
  -0.13258E+02   0.15951E+01
  -0.13195E+02   0.16340E+01
  -0.13132E+02   0.16746E+01
  -0.13069E+02   0.17170E+01
  -0.13006E+02   0.17611E+01
  -0.12943E+02   0.18073E+01
  -0.12881E+02   0.18554E+01
  -0.12818E+02   0.19056E+01
  -0.12755E+02   0.19580E+01
  -0.12692E+02   0.20122E+01
  -0.12629E+02   0.20664E+01
  -0.12566E+02   0.24914E+06
  -0.12504E+02   0.22083E+01
  -0.12441E+02   0.22718E+01
  -0.12378E+02   0.23416E+01
  -0.12315E+02   0.24158E+01
  -0.12252E+02   0.24945E+01
  -0.12189E+02   0.25777E+01
  -0.12127E+02   0.26657E+01
  -0.12064E+02   0.27590E+01
  -0.12001E+02   0.28578E+01
  -0.11938E+02   0.29627E+01
  -0.11875E+02   0.30741E+01
  -0.11812E+02   0.31926E+01
  -0.11750E+02   0.33188E+01
  -0.11687E+02   0.34535E+01
  -0.11624E+02   0.35975E+01
  -0.11561E+02   0.37515E+01
  -0.11498E+02   0.39167E+01
  -0.11435E+02   0.40940E+01
  -0.11373E+02   0.42849E+01
  -0.11310E+02   0.44906E+01
  -0.11247E+02   0.47130E+01
  -0.11184E+02   0.49537E+01
  -0.11121E+02   0.52150E+01
  -0.11058E+02   0.54993E+01
  -0.10996E+02   0.58095E+01
  -0.10933E+02   0.61488E+01
  -0.10870E+02   0.65212E+01
  -0.10807E+02   0.69310E+01
  -0.10744E+02   0.73837E+01
  -0.10681E+02   0.78856E+01
  -0.10619E+02   0.84442E+01
  -0.10556E+02   0.90684E+01
  -0.10493E+02   0.97693E+01
  -0.10430E+02   0.10560E+02
  -0.10367E+02   0.11457E+02
  -0.10304E+02   0.12481E+02
  -0.10242E+02   0.13656E+02
  -0.10179E+02   0.15016E+02
  -0.10116E+02   0.16600E+02
  -0.10053E+02   0.18463E+02
  -0.99903E+01   0.20674E+02
  -0.99274E+01   0.23327E+02
  -0.98646E+01   0.26551E+02
  -0.98018E+01   0.30524E+02
  -0.97389E+01   0.35498E+02
  -0.96761E+01   0.41847E+02
  -0.96133E+01   0.50133E+02
  -0.95504E+01   0.61241E+02
  -0.94876E+01   0.76629E+02
  -0.94248E+01   0.98836E+02
  -0.93619E+01   0.13262E+03
  -0.92991E+01   0.18776E+03
  -0.92363E+01   0.28711E+03
  -0.91735E+01   0.49500E+03
  -0.91106E+01   0.10565E+04
  -0.90478E+01   0.36847E+04
  -0.89850E+01   0.23393E+06
  -0.89221E+01   0.64465E+04
  -0.88593E+01   0.13621E+04
  -0.87965E+01   0.57078E+03
  -0.87336E+01   0.31061E+03
  -0.86708E+01   0.19425E+03
  -0.86080E+01   0.13246E+03
  -0.85451E+01   0.95830E+02
  -0.84823E+01   0.72367E+02
  -0.84195E+01   0.56459E+02
  -0.83566E+01   0.45189E+02
  -0.82938E+01   0.36922E+02
  -0.82310E+01   0.30684E+02
  -0.81681E+01   0.25864E+02
  -0.81053E+01   0.22065E+02
  -0.80425E+01   0.19020E+02
  -0.79796E+01   0.16544E+02
  -0.79168E+01   0.14504E+02
  -0.78540E+01   0.12804E+02
  -0.77911E+01   0.11374E+02
  -0.77283E+01   0.10159E+02
  -0.76655E+01   0.91198E+01
  -0.76027E+01   0.82236E+01
  -0.75398E+01   0.74459E+01
  -0.74770E+01   0.67669E+01
  -0.74142E+01   0.61709E+01
  -0.73513E+01   0.56450E+01
  -0.72885E+01   0.51789E+01
  -0.72257E+01   0.47639E+01
  -0.71628E+01   0.43930E+01
  -0.71000E+01   0.40602E+01
  -0.70372E+01   0.37606E+01
  -0.69743E+01   0.34901E+01
  -0.69115E+01   0.32450E+01
  -0.68487E+01   0.30223E+01
  -0.67858E+01   0.28194E+01
  -0.67230E+01   0.26342E+01
  -0.66602E+01   0.24646E+01
  -0.65973E+01   0.23090E+01
  -0.65345E+01   0.21660E+01
  -0.64717E+01   0.20342E+01
  -0.64088E+01   0.19126E+01
  -0.63460E+01   0.18001E+01
  -0.62832E+01   0.16959E+01
  -0.62204E+01   0.15992E+01
  -0.61575E+01   0.15094E+01
  -0.60947E+01   0.14258E+01
  -0.60319E+01   0.13479E+01
  -0.59690E+01   0.12751E+01
  -0.59062E+01   0.12071E+01
  -0.58434E+01   0.11436E+01
  -0.57805E+01   0.10840E+01
  -0.57177E+01   0.10281E+01
  -0.56549E+01   0.97563E+00
  -0.55920E+01   0.92632E+00
  -0.55292E+01   0.87992E+00
  -0.54664E+01   0.83623E+00
  -0.54035E+01   0.79504E+00
  -0.53407E+01   0.75617E+00
  -0.52779E+01   0.71947E+00
  -0.52150E+01   0.68479E+00
  -0.51522E+01   0.65198E+00
  -0.50894E+01   0.62092E+00
  -0.50265E+01   0.59150E+00
  -0.49637E+01   0.56361E+00
  -0.49009E+01   0.53715E+00
  -0.48381E+01   0.51203E+00
  -0.47752E+01   0.48818E+00
  -0.47124E+01   0.46550E+00
  -0.46496E+01   0.44393E+00
  -0.45867E+01   0.42341E+00
  -0.45239E+01   0.40387E+00
  -0.44611E+01   0.38526E+00
  -0.43982E+01   0.36752E+00
  -0.43354E+01   0.35060E+00
  -0.42726E+01   0.33446E+00
  -0.42097E+01   0.31906E+00
  -0.41469E+01   0.30435E+00
  -0.40841E+01   0.29031E+00
  -0.40212E+01   0.27688E+00
  -0.39584E+01   0.26405E+00
  -0.38956E+01   0.25177E+00
  -0.38327E+01   0.24003E+00
  -0.37699E+01   0.22879E+00
  -0.37071E+01   0.21804E+00
  -0.36442E+01   0.20774E+00
  -0.35814E+01   0.19788E+00
  -0.35186E+01   0.18843E+00
  -0.34558E+01   0.17937E+00
  -0.33929E+01   0.17070E+00
  -0.33301E+01   0.16238E+00
  -0.32673E+01   0.15440E+00
  -0.32044E+01   0.14675E+00
  -0.31416E+01   0.13942E+00
  -0.30788E+01   0.13238E+00
  -0.30159E+01   0.12563E+00
  -0.29531E+01   0.11916E+00
  -0.28903E+01   0.11294E+00
  -0.28274E+01   0.10699E+00
  -0.27646E+01   0.10127E+00
  -0.27018E+01   0.95783E-01
  -0.26389E+01   0.90521E-01
  -0.25761E+01   0.85473E-01
  -0.25133E+01   0.80632E-01
  -0.24504E+01   0.75990E-01
  -0.23876E+01   0.71538E-01
  -0.23248E+01   0.67271E-01
  -0.22619E+01   0.63182E-01
  -0.21991E+01   0.59265E-01
  -0.21363E+01   0.55513E-01
  -0.20735E+01   0.51921E-01
  -0.20106E+01   0.48483E-01
  -0.19478E+01   0.45196E-01
  -0.18850E+01   0.42054E-01
  -0.18221E+01   0.39052E-01
  -0.17593E+01   0.36187E-01
  -0.16965E+01   0.33454E-01
  -0.16336E+01   0.30849E-01
  -0.15708E+01   0.28370E-01
  -0.15080E+01   0.26012E-01
  -0.14451E+01   0.23773E-01
  -0.13823E+01   0.21649E-01
  -0.13195E+01   0.19638E-01
  -0.12566E+01   0.17736E-01
  -0.11938E+01   0.15943E-01
  -0.11310E+01   0.14254E-01
  -0.10681E+01   0.12669E-01
  -0.10053E+01   0.11184E-01
  -0.94248E+00   0.97984E-02
  -0.87965E+00   0.85101E-02
  -0.81681E+00   0.73175E-02
  -0.75398E+00   0.62191E-02
  -0.69115E+00   0.52135E-02
  -0.62832E+00   0.42995E-02
  -0.56549E+00   0.34758E-02
  -0.50265E+00   0.27416E-02
  -0.43982E+00   0.20958E-02
  -0.37699E+00   0.15378E-02
  -0.31416E+00   0.10667E-02
  -0.25133E+00   0.68206E-03
  -0.18850E+00   0.38338E-03
  -0.12566E+00   0.17031E-03
  -0.62832E-01   0.42564E-04
