   0.00000E+00   0.00000E+00
   0.31416E+00  -0.30902E+00
   0.62832E+00  -0.58779E+00
   0.94248E+00  -0.80902E+00
   0.12566E+01  -0.95106E+00
   0.15708E+01  -0.10000E+01
   0.18850E+01  -0.95106E+00
   0.21991E+01  -0.80902E+00
   0.25133E+01  -0.58779E+00
   0.28274E+01  -0.30902E+00
   0.31416E+01   0.00000E+00
   0.34558E+01   0.30902E+00
   0.37699E+01   0.58779E+00
   0.40841E+01   0.80902E+00
   0.43982E+01   0.95106E+00
   0.47124E+01   0.10000E+01
   0.50265E+01   0.95106E+00
   0.53407E+01   0.80902E+00
   0.56549E+01   0.58779E+00
   0.59690E+01   0.30902E+00
   0.62832E+01   0.00000E+00
   0.65973E+01  -0.30902E+00
   0.69115E+01  -0.58779E+00
   0.72257E+01  -0.80902E+00
   0.75398E+01  -0.95106E+00
   0.78540E+01  -0.10000E+01
   0.81681E+01  -0.95106E+00
   0.84823E+01  -0.80902E+00
   0.87965E+01  -0.58779E+00
   0.91106E+01  -0.30902E+00
   0.94248E+01   0.00000E+00
   0.97389E+01   0.30902E+00
   0.10053E+02   0.58779E+00
   0.10367E+02   0.80902E+00
   0.10681E+02   0.95106E+00
   0.10996E+02   0.10000E+01
   0.11310E+02   0.95106E+00
   0.11624E+02   0.80902E+00
   0.11938E+02   0.58779E+00
   0.12252E+02   0.30902E+00
   0.12566E+02   0.00000E+00
   0.12881E+02  -0.30902E+00
   0.13195E+02  -0.58779E+00
   0.13509E+02  -0.80902E+00
   0.13823E+02  -0.95106E+00
   0.14137E+02  -0.10000E+01
   0.14451E+02  -0.95106E+00
   0.14765E+02  -0.80902E+00
   0.15080E+02  -0.58779E+00
   0.15394E+02  -0.30902E+00
   0.15708E+02   0.00000E+00
   0.16022E+02   0.30902E+00
   0.16336E+02   0.58779E+00
   0.16650E+02   0.80902E+00
   0.16965E+02   0.95106E+00
   0.17279E+02   0.10000E+01
   0.17593E+02   0.95106E+00
   0.17907E+02   0.80902E+00
   0.18221E+02   0.58779E+00
   0.18535E+02   0.30902E+00
   0.18850E+02   0.00000E+00
   0.19164E+02  -0.30902E+00
   0.19478E+02  -0.58779E+00
   0.19792E+02  -0.80902E+00
   0.20106E+02  -0.95106E+00
   0.20420E+02  -0.10000E+01
   0.20735E+02  -0.95106E+00
   0.21049E+02  -0.80902E+00
   0.21363E+02  -0.58779E+00
   0.21677E+02  -0.30902E+00
   0.21991E+02   0.00000E+00
   0.22305E+02   0.30902E+00
   0.22619E+02   0.58779E+00
   0.22934E+02   0.80902E+00
   0.23248E+02   0.95106E+00
   0.23562E+02   0.10000E+01
   0.23876E+02   0.95106E+00
   0.24190E+02   0.80902E+00
   0.24504E+02   0.58779E+00
   0.24819E+02   0.30902E+00
   0.25133E+02   0.00000E+00
   0.25447E+02  -0.30902E+00
   0.25761E+02  -0.58779E+00
   0.26075E+02  -0.80902E+00
   0.26389E+02  -0.95106E+00
   0.26704E+02  -0.10000E+01
   0.27018E+02  -0.95106E+00
   0.27332E+02  -0.80902E+00
   0.27646E+02  -0.58779E+00
   0.27960E+02  -0.30902E+00
   0.28274E+02   0.00000E+00
   0.28588E+02   0.30902E+00
   0.28903E+02   0.58779E+00
   0.29217E+02   0.80902E+00
   0.29531E+02   0.95106E+00
   0.29845E+02   0.10000E+01
   0.30159E+02   0.95106E+00
   0.30473E+02   0.80902E+00
   0.30788E+02   0.58779E+00
   0.31102E+02   0.30902E+00
   0.31416E+02   0.00000E+00
   0.31730E+02  -0.30902E+00
   0.32044E+02  -0.58779E+00
   0.32358E+02  -0.80902E+00
   0.32673E+02  -0.95106E+00
   0.32987E+02  -0.10000E+01
   0.33301E+02  -0.95106E+00
   0.33615E+02  -0.80902E+00
   0.33929E+02  -0.58779E+00
   0.34243E+02  -0.30902E+00
   0.34558E+02   0.00000E+00
   0.34872E+02   0.30902E+00
   0.35186E+02   0.58779E+00
   0.35500E+02   0.80902E+00
   0.35814E+02   0.95106E+00
   0.36128E+02   0.10000E+01
   0.36442E+02   0.95106E+00
   0.36757E+02   0.80902E+00
   0.37071E+02   0.58779E+00
   0.37385E+02   0.30902E+00
   0.37699E+02   0.00000E+00
   0.38013E+02  -0.30902E+00
   0.38327E+02  -0.58779E+00
   0.38642E+02  -0.80902E+00
   0.38956E+02  -0.95106E+00
   0.39270E+02  -0.10000E+01
   0.39584E+02  -0.95106E+00
   0.39898E+02  -0.80902E+00
   0.40212E+02  -0.58779E+00
   0.40527E+02  -0.30902E+00
   0.40841E+02   0.00000E+00
   0.41155E+02   0.30902E+00
   0.41469E+02   0.58779E+00
   0.41783E+02   0.80902E+00
   0.42097E+02   0.95106E+00
   0.42412E+02   0.10000E+01
   0.42726E+02   0.95106E+00
   0.43040E+02   0.80902E+00
   0.43354E+02   0.58779E+00
   0.43668E+02   0.30902E+00
   0.43982E+02   0.00000E+00
   0.44296E+02  -0.30902E+00
   0.44611E+02  -0.58779E+00
   0.44925E+02  -0.80902E+00
   0.45239E+02  -0.95106E+00
   0.45553E+02  -0.10000E+01
   0.45867E+02  -0.95106E+00
   0.46181E+02  -0.80902E+00
   0.46496E+02  -0.58779E+00
   0.46810E+02  -0.30902E+00
   0.47124E+02   0.00000E+00
   0.47438E+02   0.30902E+00
   0.47752E+02   0.58779E+00
   0.48066E+02   0.80902E+00
   0.48381E+02   0.95106E+00
   0.48695E+02   0.10000E+01
   0.49009E+02   0.95106E+00
   0.49323E+02   0.80902E+00
   0.49637E+02   0.58779E+00
   0.49951E+02   0.30902E+00
   0.50265E+02   0.00000E+00
   0.50580E+02  -0.30902E+00
   0.50894E+02  -0.58779E+00
   0.51208E+02  -0.80902E+00
   0.51522E+02  -0.95106E+00
   0.51836E+02  -0.10000E+01
   0.52150E+02  -0.95106E+00
   0.52465E+02  -0.80902E+00
   0.52779E+02  -0.58779E+00
   0.53093E+02  -0.30902E+00
   0.53407E+02   0.00000E+00
   0.53721E+02   0.30902E+00
   0.54035E+02   0.58779E+00
   0.54350E+02   0.80902E+00
   0.54664E+02   0.95106E+00
   0.54978E+02   0.10000E+01
   0.55292E+02   0.95106E+00
   0.55606E+02   0.80902E+00
   0.55920E+02   0.58779E+00
   0.56235E+02   0.30902E+00
   0.56549E+02   0.00000E+00
   0.56863E+02  -0.30902E+00
   0.57177E+02  -0.58779E+00
   0.57491E+02  -0.80902E+00
   0.57805E+02  -0.95106E+00
   0.58119E+02  -0.10000E+01
   0.58434E+02  -0.95106E+00
   0.58748E+02  -0.80902E+00
   0.59062E+02  -0.58779E+00
   0.59376E+02  -0.30902E+00
   0.59690E+02   0.00000E+00
   0.60004E+02   0.30902E+00
   0.60319E+02   0.58779E+00
   0.60633E+02   0.80902E+00
   0.60947E+02   0.95106E+00
   0.61261E+02   0.10000E+01
   0.61575E+02   0.95106E+00
   0.61889E+02   0.80902E+00
   0.62204E+02   0.58779E+00
   0.62518E+02   0.30902E+00
   0.62832E+02   0.00000E+00
   0.63146E+02  -0.30902E+00
   0.63460E+02  -0.58779E+00
   0.63774E+02  -0.80902E+00
   0.64088E+02  -0.95106E+00
   0.64403E+02  -0.10000E+01
   0.64717E+02  -0.95106E+00
   0.65031E+02  -0.80902E+00
   0.65345E+02  -0.58779E+00
   0.65659E+02  -0.30902E+00
   0.65973E+02   0.00000E+00
   0.66288E+02   0.30902E+00
   0.66602E+02   0.58779E+00
   0.66916E+02   0.80902E+00
   0.67230E+02   0.95106E+00
   0.67544E+02   0.10000E+01
   0.67858E+02   0.95106E+00
   0.68173E+02   0.80902E+00
   0.68487E+02   0.58779E+00
   0.68801E+02   0.30902E+00
   0.69115E+02   0.00000E+00
   0.69429E+02  -0.30902E+00
   0.69743E+02  -0.58779E+00
   0.70058E+02  -0.80902E+00
   0.70372E+02  -0.95106E+00
   0.70686E+02  -0.10000E+01
   0.71000E+02  -0.95106E+00
   0.71314E+02  -0.80902E+00
   0.71628E+02  -0.58779E+00
   0.71942E+02  -0.30902E+00
   0.72257E+02   0.00000E+00
   0.72571E+02   0.30902E+00
   0.72885E+02   0.58779E+00
   0.73199E+02   0.80902E+00
   0.73513E+02   0.95106E+00
   0.73827E+02   0.10000E+01
   0.74142E+02   0.95106E+00
   0.74456E+02   0.80902E+00
   0.74770E+02   0.58779E+00
   0.75084E+02   0.30902E+00
   0.75398E+02   0.00000E+00
   0.75712E+02  -0.30902E+00
   0.76027E+02  -0.58779E+00
   0.76341E+02  -0.80902E+00
   0.76655E+02  -0.95106E+00
   0.76969E+02  -0.10000E+01
   0.77283E+02  -0.95106E+00
   0.77597E+02  -0.80902E+00
   0.77911E+02  -0.58779E+00
   0.78226E+02  -0.30902E+00
   0.78540E+02   0.00000E+00
   0.78854E+02   0.30902E+00
   0.79168E+02   0.58779E+00
   0.79482E+02   0.80902E+00
   0.79796E+02   0.95106E+00
   0.80111E+02   0.10000E+01
   0.80425E+02   0.95106E+00
   0.80739E+02   0.80902E+00
   0.81053E+02   0.58779E+00
   0.81367E+02   0.30902E+00
   0.81681E+02   0.00000E+00
   0.81996E+02  -0.30902E+00
   0.82310E+02  -0.58779E+00
   0.82624E+02  -0.80902E+00
   0.82938E+02  -0.95106E+00
   0.83252E+02  -0.10000E+01
   0.83566E+02  -0.95106E+00
   0.83881E+02  -0.80902E+00
   0.84195E+02  -0.58779E+00
   0.84509E+02  -0.30902E+00
   0.84823E+02   0.00000E+00
   0.85137E+02   0.30902E+00
   0.85451E+02   0.58779E+00
   0.85765E+02   0.80902E+00
   0.86080E+02   0.95106E+00
   0.86394E+02   0.10000E+01
   0.86708E+02   0.95106E+00
   0.87022E+02   0.80902E+00
   0.87336E+02   0.58779E+00
   0.87650E+02   0.30902E+00
   0.87965E+02   0.00000E+00
   0.88279E+02  -0.30902E+00
   0.88593E+02  -0.58779E+00
   0.88907E+02  -0.80902E+00
   0.89221E+02  -0.95106E+00
   0.89535E+02  -0.10000E+01
   0.89850E+02  -0.95106E+00
   0.90164E+02  -0.80902E+00
   0.90478E+02  -0.58779E+00
   0.90792E+02  -0.30902E+00
   0.91106E+02   0.00000E+00
   0.91420E+02   0.30902E+00
   0.91735E+02   0.58779E+00
   0.92049E+02   0.80902E+00
   0.92363E+02   0.95106E+00
   0.92677E+02   0.10000E+01
   0.92991E+02   0.95106E+00
   0.93305E+02   0.80902E+00
   0.93619E+02   0.58779E+00
   0.93934E+02   0.30902E+00
   0.94248E+02   0.00000E+00
   0.94562E+02  -0.30902E+00
   0.94876E+02  -0.58779E+00
   0.95190E+02  -0.80902E+00
   0.95504E+02  -0.95106E+00
   0.95819E+02  -0.10000E+01
   0.96133E+02  -0.95106E+00
   0.96447E+02  -0.80902E+00
   0.96761E+02  -0.58779E+00
   0.97075E+02  -0.30902E+00
   0.97389E+02   0.00000E+00
   0.97704E+02   0.30902E+00
   0.98018E+02   0.58779E+00
   0.98332E+02   0.80902E+00
   0.98646E+02   0.95106E+00
   0.98960E+02   0.10000E+01
   0.99274E+02   0.95106E+00
   0.99588E+02   0.80902E+00
   0.99903E+02   0.58779E+00
   0.10022E+03   0.30902E+00
   0.10053E+03   0.00000E+00
   0.10085E+03  -0.30902E+00
   0.10116E+03  -0.58779E+00
   0.10147E+03  -0.80902E+00
   0.10179E+03  -0.95106E+00
   0.10210E+03  -0.10000E+01
   0.10242E+03  -0.95106E+00
   0.10273E+03  -0.80902E+00
   0.10304E+03  -0.58779E+00
   0.10336E+03  -0.30902E+00
   0.10367E+03   0.00000E+00
   0.10399E+03   0.30902E+00
   0.10430E+03   0.58779E+00
   0.10462E+03   0.80902E+00
   0.10493E+03   0.95106E+00
   0.10524E+03   0.10000E+01
   0.10556E+03   0.95106E+00
   0.10587E+03   0.80902E+00
   0.10619E+03   0.58779E+00
   0.10650E+03   0.30902E+00
   0.10681E+03   0.00000E+00
   0.10713E+03  -0.30902E+00
   0.10744E+03  -0.58779E+00
   0.10776E+03  -0.80902E+00
   0.10807E+03  -0.95106E+00
   0.10838E+03  -0.10000E+01
   0.10870E+03  -0.95106E+00
   0.10901E+03  -0.80902E+00
   0.10933E+03  -0.58779E+00
   0.10964E+03  -0.30902E+00
   0.10996E+03   0.00000E+00
   0.11027E+03   0.30902E+00
   0.11058E+03   0.58779E+00
   0.11090E+03   0.80902E+00
   0.11121E+03   0.95106E+00
   0.11153E+03   0.10000E+01
   0.11184E+03   0.95106E+00
   0.11215E+03   0.80902E+00
   0.11247E+03   0.58779E+00
   0.11278E+03   0.30902E+00
   0.11310E+03   0.00000E+00
   0.11341E+03  -0.30902E+00
   0.11373E+03  -0.58779E+00
   0.11404E+03  -0.80902E+00
   0.11435E+03  -0.95106E+00
   0.11467E+03  -0.10000E+01
   0.11498E+03  -0.95106E+00
   0.11530E+03  -0.80902E+00
   0.11561E+03  -0.58779E+00
   0.11592E+03  -0.30902E+00
   0.11624E+03   0.00000E+00
   0.11655E+03   0.30902E+00
   0.11687E+03   0.58779E+00
   0.11718E+03   0.80902E+00
   0.11750E+03   0.95106E+00
   0.11781E+03   0.10000E+01
   0.11812E+03   0.95106E+00
   0.11844E+03   0.80902E+00
   0.11875E+03   0.58779E+00
   0.11907E+03   0.30902E+00
   0.11938E+03   0.00000E+00
   0.11969E+03  -0.30902E+00
   0.12001E+03  -0.58779E+00
   0.12032E+03  -0.80902E+00
   0.12064E+03  -0.95106E+00
   0.12095E+03  -0.10000E+01
   0.12127E+03  -0.95106E+00
   0.12158E+03  -0.80902E+00
   0.12189E+03  -0.58779E+00
   0.12221E+03  -0.30902E+00
   0.12252E+03   0.00000E+00
   0.12284E+03   0.30902E+00
   0.12315E+03   0.58779E+00
   0.12346E+03   0.80902E+00
   0.12378E+03   0.95106E+00
   0.12409E+03   0.10000E+01
   0.12441E+03   0.95106E+00
   0.12472E+03   0.80902E+00
   0.12504E+03   0.58779E+00
   0.12535E+03   0.30902E+00
   0.12566E+03   0.00000E+00
   0.12598E+03  -0.30902E+00
   0.12629E+03  -0.58779E+00
   0.12661E+03  -0.80902E+00
   0.12692E+03  -0.95106E+00
   0.12723E+03  -0.10000E+01
   0.12755E+03  -0.95106E+00
   0.12786E+03  -0.80902E+00
   0.12818E+03  -0.58779E+00
   0.12849E+03  -0.30902E+00
   0.12881E+03   0.00000E+00
   0.12912E+03   0.30902E+00
   0.12943E+03   0.58779E+00
   0.12975E+03   0.80902E+00
   0.13006E+03   0.95106E+00
   0.13038E+03   0.10000E+01
   0.13069E+03   0.95106E+00
   0.13100E+03   0.80902E+00
   0.13132E+03   0.58779E+00
   0.13163E+03   0.30902E+00
   0.13195E+03   0.00000E+00
   0.13226E+03  -0.30902E+00
   0.13258E+03  -0.58779E+00
   0.13289E+03  -0.80902E+00
   0.13320E+03  -0.95106E+00
   0.13352E+03  -0.10000E+01
   0.13383E+03  -0.95106E+00
   0.13415E+03  -0.80902E+00
   0.13446E+03  -0.58779E+00
   0.13477E+03  -0.30902E+00
   0.13509E+03   0.00000E+00
   0.13540E+03   0.30902E+00
   0.13572E+03   0.58779E+00
   0.13603E+03   0.80902E+00
   0.13635E+03   0.95106E+00
   0.13666E+03   0.10000E+01
   0.13697E+03   0.95106E+00
   0.13729E+03   0.80902E+00
   0.13760E+03   0.58779E+00
   0.13792E+03   0.30902E+00
   0.13823E+03   0.00000E+00
   0.13854E+03  -0.30902E+00
   0.13886E+03  -0.58779E+00
   0.13917E+03  -0.80902E+00
   0.13949E+03  -0.95106E+00
   0.13980E+03  -0.10000E+01
   0.14012E+03  -0.95106E+00
   0.14043E+03  -0.80902E+00
   0.14074E+03  -0.58779E+00
   0.14106E+03  -0.30902E+00
   0.14137E+03   0.00000E+00
   0.14169E+03   0.30902E+00
   0.14200E+03   0.58779E+00
   0.14231E+03   0.80902E+00
   0.14263E+03   0.95106E+00
   0.14294E+03   0.10000E+01
   0.14326E+03   0.95106E+00
   0.14357E+03   0.80902E+00
   0.14388E+03   0.58779E+00
   0.14420E+03   0.30902E+00
   0.14451E+03   0.00000E+00
   0.14483E+03  -0.30902E+00
   0.14514E+03  -0.58779E+00
   0.14546E+03  -0.80902E+00
   0.14577E+03  -0.95106E+00
   0.14608E+03  -0.10000E+01
   0.14640E+03  -0.95106E+00
   0.14671E+03  -0.80902E+00
   0.14703E+03  -0.58779E+00
   0.14734E+03  -0.30902E+00
   0.14765E+03   0.00000E+00
   0.14797E+03   0.30902E+00
   0.14828E+03   0.58779E+00
   0.14860E+03   0.80902E+00
   0.14891E+03   0.95106E+00
   0.14923E+03   0.10000E+01
   0.14954E+03   0.95106E+00
   0.14985E+03   0.80902E+00
   0.15017E+03   0.58779E+00
   0.15048E+03   0.30902E+00
   0.15080E+03   0.00000E+00
   0.15111E+03  -0.30902E+00
   0.15142E+03  -0.58779E+00
   0.15174E+03  -0.80902E+00
   0.15205E+03  -0.95106E+00
   0.15237E+03  -0.10000E+01
   0.15268E+03  -0.95106E+00
   0.15300E+03  -0.80902E+00
   0.15331E+03  -0.58779E+00
   0.15362E+03  -0.30902E+00
   0.15394E+03   0.00000E+00
   0.15425E+03   0.30902E+00
   0.15457E+03   0.58779E+00
   0.15488E+03   0.80902E+00
   0.15519E+03   0.95106E+00
   0.15551E+03   0.10000E+01
   0.15582E+03   0.95106E+00
   0.15614E+03   0.80902E+00
   0.15645E+03   0.58779E+00
   0.15677E+03   0.30902E+00
   0.15708E+03   0.00000E+00
