   0.00000E+00   0.19876E+03
   0.62832E+00   0.20124E+03
   0.12566E+01   0.20892E+03
   0.18850E+01   0.22257E+03
   0.25133E+01   0.24367E+03
   0.31416E+01   0.27477E+03
   0.37699E+01   0.32023E+03
   0.43982E+01   0.38772E+03
   0.50265E+01   0.49153E+03
   0.56549E+01   0.66066E+03
   0.62832E+01   0.96137E+03
   0.69115E+01   0.15738E+04
   0.75398E+01   0.31456E+04
   0.81681E+01   0.96605E+04
   0.87965E+01   0.19088E+06
   0.94248E+01   0.29907E+05
   0.10053E+02   0.51011E+04
   0.10681E+02   0.20047E+04
   0.11310E+02   0.10573E+04
   0.11938E+02   0.64968E+03
   0.12566E+02   0.23673E+06
   0.13195E+02   0.31550E+03
   0.13823E+02   0.23777E+03
   0.14451E+02   0.18561E+03
   0.15080E+02   0.14894E+03
   0.15708E+02   0.12221E+03
   0.16336E+02   0.10214E+03
   0.16965E+02   0.86681E+02
   0.17593E+02   0.74529E+02
   0.18221E+02   0.64803E+02
   0.18850E+02   0.56897E+02
   0.19478E+02   0.50384E+02
   0.20106E+02   0.44953E+02
   0.20735E+02   0.40377E+02
   0.21363E+02   0.36484E+02
   0.21991E+02   0.33144E+02
   0.22619E+02   0.30256E+02
   0.23248E+02   0.27742E+02
   0.23876E+02   0.25539E+02
   0.24504E+02   0.23597E+02
   0.25133E+02   0.21877E+02
   0.25761E+02   0.20344E+02
   0.26389E+02   0.18974E+02
   0.27018E+02   0.17742E+02
   0.27646E+02   0.16632E+02
   0.28274E+02   0.15627E+02
   0.28903E+02   0.14713E+02
   0.29531E+02   0.13881E+02
   0.30159E+02   0.13121E+02
   0.30788E+02   0.12423E+02
   0.31416E+02   0.11783E+02
   0.32044E+02   0.11192E+02
   0.32673E+02   0.10647E+02
   0.33301E+02   0.10143E+02
   0.33929E+02   0.96749E+01
   0.34558E+02   0.92399E+01
   0.35186E+02   0.88350E+01
   0.35814E+02   0.84572E+01
   0.36442E+02   0.81042E+01
   0.37071E+02   0.77738E+01
   0.37699E+02   0.74641E+01
   0.38327E+02   0.71733E+01
   0.38956E+02   0.69000E+01
   0.39584E+02   0.66426E+01
   0.40212E+02   0.64001E+01
   0.40841E+02   0.61711E+01
   0.41469E+02   0.59548E+01
   0.42097E+02   0.57501E+01
   0.42726E+02   0.55563E+01
   0.43354E+02   0.53725E+01
   0.43982E+02   0.51981E+01
   0.44611E+02   0.50325E+01
   0.45239E+02   0.48750E+01
   0.45867E+02   0.47251E+01
   0.46496E+02   0.45823E+01
   0.47124E+02   0.44461E+01
   0.47752E+02   0.43163E+01
   0.48381E+02   0.41922E+01
   0.49009E+02   0.40737E+01
   0.49637E+02   0.39604E+01
   0.50265E+02   0.38520E+01
   0.50894E+02   0.37481E+01
   0.51522E+02   0.36486E+01
   0.52150E+02   0.35531E+01
   0.52779E+02   0.34616E+01
   0.53407E+02   0.33737E+01
   0.54035E+02   0.32892E+01
   0.54664E+02   0.32081E+01
   0.55292E+02   0.31300E+01
   0.55920E+02   0.30549E+01
   0.56549E+02   0.29826E+01
   0.57177E+02   0.29129E+01
   0.57805E+02   0.28458E+01
   0.58434E+02   0.27811E+01
   0.59062E+02   0.27187E+01
   0.59690E+02   0.26584E+01
   0.60319E+02   0.26003E+01
   0.60947E+02   0.25441E+01
   0.61575E+02   0.24898E+01
   0.62204E+02   0.24373E+01
   0.62832E+02   0.23865E+01
   0.63460E+02   0.23374E+01
   0.64088E+02   0.22899E+01
   0.64717E+02   0.22439E+01
   0.65345E+02   0.21993E+01
   0.65973E+02   0.21561E+01
   0.66602E+02   0.21143E+01
   0.67230E+02   0.20737E+01
   0.67858E+02   0.20343E+01
   0.68487E+02   0.19961E+01
   0.69115E+02   0.19591E+01
   0.69743E+02   0.19231E+01
   0.70372E+02   0.18881E+01
   0.71000E+02   0.18542E+01
   0.71628E+02   0.18212E+01
   0.72257E+02   0.17892E+01
   0.72885E+02   0.17580E+01
   0.73513E+02   0.17277E+01
   0.74142E+02   0.16982E+01
   0.74770E+02   0.16695E+01
   0.75398E+02   0.16416E+01
   0.76027E+02   0.16144E+01
   0.76655E+02   0.15879E+01
   0.77283E+02   0.15621E+01
   0.77911E+02   0.15370E+01
   0.78540E+02   0.15125E+01
   0.79168E+02   0.14886E+01
   0.79796E+02   0.14654E+01
   0.80425E+02   0.14427E+01
   0.81053E+02   0.14206E+01
   0.81681E+02   0.13990E+01
   0.82310E+02   0.13779E+01
   0.82938E+02   0.13574E+01
   0.83566E+02   0.13373E+01
   0.84195E+02   0.13177E+01
   0.84823E+02   0.12986E+01
   0.85451E+02   0.12799E+01
   0.86080E+02   0.12616E+01
   0.86708E+02   0.12438E+01
   0.87336E+02   0.12264E+01
   0.87965E+02   0.12093E+01
   0.88593E+02   0.11927E+01
   0.89221E+02   0.11764E+01
   0.89850E+02   0.11605E+01
   0.90478E+02   0.11449E+01
   0.91106E+02   0.11297E+01
   0.91735E+02   0.11147E+01
   0.92363E+02   0.11001E+01
   0.92991E+02   0.10859E+01
   0.93619E+02   0.10719E+01
   0.94248E+02   0.10582E+01
   0.94876E+02   0.10448E+01
   0.95504E+02   0.10317E+01
   0.96133E+02   0.10188E+01
   0.96761E+02   0.10062E+01
   0.97389E+02   0.99387E+00
   0.98018E+02   0.98178E+00
   0.98646E+02   0.96992E+00
   0.99274E+02   0.95831E+00
   0.99903E+02   0.94692E+00
   0.10053E+03   0.93575E+00
   0.10116E+03   0.92481E+00
   0.10179E+03   0.91407E+00
   0.10242E+03   0.90354E+00
   0.10304E+03   0.89321E+00
   0.10367E+03   0.88307E+00
   0.10430E+03   0.87313E+00
   0.10493E+03   0.86337E+00
   0.10556E+03   0.85380E+00
   0.10619E+03   0.84440E+00
   0.10681E+03   0.83517E+00
   0.10744E+03   0.82611E+00
   0.10807E+03   0.81722E+00
   0.10870E+03   0.80849E+00
   0.10933E+03   0.79991E+00
   0.10996E+03   0.79149E+00
   0.11058E+03   0.78321E+00
   0.11121E+03   0.77508E+00
   0.11184E+03   0.76710E+00
   0.11247E+03   0.75925E+00
   0.11310E+03   0.75154E+00
   0.11373E+03   0.74396E+00
   0.11435E+03   0.73651E+00
   0.11498E+03   0.72919E+00
   0.11561E+03   0.72200E+00
   0.11624E+03   0.71492E+00
   0.11687E+03   0.70796E+00
   0.11750E+03   0.70112E+00
   0.11812E+03   0.69439E+00
   0.11875E+03   0.68778E+00
   0.11938E+03   0.68127E+00
   0.12001E+03   0.67487E+00
   0.12064E+03   0.66857E+00
   0.12127E+03   0.66237E+00
   0.12189E+03   0.65627E+00
   0.12252E+03   0.65027E+00
   0.12315E+03   0.64437E+00
   0.12378E+03   0.63856E+00
   0.12441E+03   0.63284E+00
   0.12504E+03   0.62721E+00
   0.12566E+03   0.62167E+00
   0.12629E+03   0.61621E+00
   0.12692E+03   0.61084E+00
   0.12755E+03   0.60555E+00
   0.12818E+03   0.60035E+00
   0.12881E+03   0.59522E+00
   0.12943E+03   0.59017E+00
   0.13006E+03   0.58519E+00
   0.13069E+03   0.58029E+00
   0.13132E+03   0.57547E+00
   0.13195E+03   0.57071E+00
   0.13258E+03   0.56603E+00
   0.13320E+03   0.56141E+00
   0.13383E+03   0.55686E+00
   0.13446E+03   0.55238E+00
   0.13509E+03   0.54797E+00
   0.13572E+03   0.54361E+00
   0.13635E+03   0.53933E+00
   0.13697E+03   0.53510E+00
   0.13760E+03   0.53093E+00
   0.13823E+03   0.52682E+00
   0.13886E+03   0.52277E+00
   0.13949E+03   0.51878E+00
   0.14012E+03   0.51484E+00
   0.14074E+03   0.51096E+00
   0.14137E+03   0.50714E+00
   0.14200E+03   0.50336E+00
   0.14263E+03   0.49964E+00
   0.14326E+03   0.49597E+00
   0.14388E+03   0.49235E+00
   0.14451E+03   0.48878E+00
   0.14514E+03   0.48526E+00
   0.14577E+03   0.48178E+00
   0.14640E+03   0.47836E+00
   0.14703E+03   0.47498E+00
   0.14765E+03   0.47164E+00
   0.14828E+03   0.46835E+00
   0.14891E+03   0.46510E+00
   0.14954E+03   0.46190E+00
   0.15017E+03   0.45874E+00
   0.15080E+03   0.45562E+00
   0.15142E+03   0.45254E+00
   0.15205E+03   0.44950E+00
   0.15268E+03   0.44650E+00
   0.15331E+03   0.44354E+00
   0.15394E+03   0.44062E+00
   0.15457E+03   0.43773E+00
   0.15519E+03   0.43489E+00
   0.15582E+03   0.43207E+00
   0.15645E+03   0.42930E+00
   0.15708E+03   0.42656E+00
   0.15771E+03   0.42385E+00
   0.15834E+03   0.42118E+00
   0.15896E+03   0.41855E+00
   0.15959E+03   0.41594E+00
   0.16022E+03   0.41337E+00
   0.16085E+03   0.41083E+00
   0.16148E+03   0.40832E+00
   0.16211E+03   0.40585E+00
   0.16273E+03   0.40340E+00
   0.16336E+03   0.40099E+00
   0.16399E+03   0.39860E+00
   0.16462E+03   0.39624E+00
   0.16525E+03   0.39391E+00
   0.16588E+03   0.39162E+00
   0.16650E+03   0.38934E+00
   0.16713E+03   0.38710E+00
   0.16776E+03   0.38488E+00
   0.16839E+03   0.38269E+00
   0.16902E+03   0.38053E+00
   0.16965E+03   0.37839E+00
   0.17027E+03   0.37628E+00
   0.17090E+03   0.37419E+00
   0.17153E+03   0.37213E+00
   0.17216E+03   0.37009E+00
   0.17279E+03   0.36808E+00
   0.17342E+03   0.36608E+00
   0.17404E+03   0.36412E+00
   0.17467E+03   0.36217E+00
   0.17530E+03   0.36025E+00
   0.17593E+03   0.35836E+00
   0.17656E+03   0.35648E+00
   0.17719E+03   0.35462E+00
   0.17781E+03   0.35279E+00
   0.17844E+03   0.35098E+00
   0.17907E+03   0.34919E+00
   0.17970E+03   0.34742E+00
   0.18033E+03   0.34567E+00
   0.18096E+03   0.34394E+00
   0.18158E+03   0.34223E+00
   0.18221E+03   0.34054E+00
   0.18284E+03   0.33887E+00
   0.18347E+03   0.33722E+00
   0.18410E+03   0.33558E+00
   0.18473E+03   0.33397E+00
   0.18535E+03   0.33237E+00
   0.18598E+03   0.33079E+00
   0.18661E+03   0.32923E+00
   0.18724E+03   0.32769E+00
   0.18787E+03   0.32617E+00
   0.18850E+03   0.32466E+00
   0.18912E+03   0.32317E+00
   0.18975E+03   0.32169E+00
   0.19038E+03   0.32023E+00
   0.19101E+03   0.31879E+00
   0.19164E+03   0.31736E+00
   0.19227E+03   0.31595E+00
   0.19289E+03   0.31456E+00
   0.19352E+03   0.31318E+00
   0.19415E+03   0.31182E+00
   0.19478E+03   0.31047E+00
   0.19541E+03   0.30914E+00
   0.19604E+03   0.30782E+00
   0.19666E+03   0.30651E+00
   0.19729E+03   0.30522E+00
   0.19792E+03   0.30395E+00
   0.19855E+03   0.30269E+00
   0.19918E+03   0.30144E+00
   0.19981E+03   0.30020E+00
   0.20043E+03   0.29898E+00
   0.20106E+03   0.29778E+00
   0.20169E+03   0.29658E+00
   0.20232E+03   0.29540E+00
   0.20295E+03   0.29423E+00
   0.20358E+03   0.29308E+00
   0.20420E+03   0.29194E+00
   0.20483E+03   0.29081E+00
   0.20546E+03   0.28969E+00
   0.20609E+03   0.28858E+00
   0.20672E+03   0.28749E+00
   0.20735E+03   0.28641E+00
   0.20797E+03   0.28534E+00
   0.20860E+03   0.28428E+00
   0.20923E+03   0.28323E+00
   0.20986E+03   0.28220E+00
   0.21049E+03   0.28118E+00
   0.21112E+03   0.28016E+00
   0.21174E+03   0.27916E+00
   0.21237E+03   0.27817E+00
   0.21300E+03   0.27719E+00
   0.21363E+03   0.27622E+00
   0.21426E+03   0.27526E+00
   0.21488E+03   0.27432E+00
   0.21551E+03   0.27338E+00
   0.21614E+03   0.27245E+00
   0.21677E+03   0.27153E+00
   0.21740E+03   0.27063E+00
   0.21803E+03   0.26973E+00
   0.21865E+03   0.26884E+00
   0.21928E+03   0.26796E+00
   0.21991E+03   0.26709E+00
   0.22054E+03   0.26623E+00
   0.22117E+03   0.26539E+00
   0.22180E+03   0.26455E+00
   0.22242E+03   0.26371E+00
   0.22305E+03   0.26289E+00
   0.22368E+03   0.26208E+00
   0.22431E+03   0.26128E+00
   0.22494E+03   0.26048E+00
   0.22557E+03   0.25970E+00
   0.22619E+03   0.25892E+00
   0.22682E+03   0.25815E+00
   0.22745E+03   0.25739E+00
   0.22808E+03   0.25664E+00
   0.22871E+03   0.25590E+00
   0.22934E+03   0.25516E+00
   0.22996E+03   0.25443E+00
   0.23059E+03   0.25372E+00
   0.23122E+03   0.25301E+00
   0.23185E+03   0.25230E+00
   0.23248E+03   0.25161E+00
   0.23311E+03   0.25092E+00
   0.23373E+03   0.25024E+00
   0.23436E+03   0.24957E+00
   0.23499E+03   0.24891E+00
   0.23562E+03   0.24825E+00
   0.23625E+03   0.24760E+00
   0.23688E+03   0.24696E+00
   0.23750E+03   0.24633E+00
   0.23813E+03   0.24570E+00
   0.23876E+03   0.24509E+00
   0.23939E+03   0.24447E+00
   0.24002E+03   0.24387E+00
   0.24065E+03   0.24327E+00
   0.24127E+03   0.24268E+00
   0.24190E+03   0.24210E+00
   0.24253E+03   0.24152E+00
   0.24316E+03   0.24095E+00
   0.24379E+03   0.24039E+00
   0.24442E+03   0.23983E+00
   0.24504E+03   0.23928E+00
   0.24567E+03   0.23874E+00
   0.24630E+03   0.23820E+00
   0.24693E+03   0.23767E+00
   0.24756E+03   0.23715E+00
   0.24819E+03   0.23664E+00
   0.24881E+03   0.23612E+00
   0.24944E+03   0.23562E+00
   0.25007E+03   0.23512E+00
   0.25070E+03   0.23463E+00
   0.25133E+03   0.23415E+00
   0.25196E+03   0.23367E+00
   0.25258E+03   0.23319E+00
   0.25321E+03   0.23273E+00
   0.25384E+03   0.23227E+00
   0.25447E+03   0.23181E+00
   0.25510E+03   0.23136E+00
   0.25573E+03   0.23092E+00
   0.25635E+03   0.23048E+00
   0.25698E+03   0.23005E+00
   0.25761E+03   0.22963E+00
   0.25824E+03   0.22921E+00
   0.25887E+03   0.22879E+00
   0.25950E+03   0.22838E+00
   0.26012E+03   0.22798E+00
   0.26075E+03   0.22758E+00
   0.26138E+03   0.22719E+00
   0.26201E+03   0.22680E+00
   0.26264E+03   0.22642E+00
   0.26327E+03   0.22605E+00
   0.26389E+03   0.22568E+00
   0.26452E+03   0.22531E+00
   0.26515E+03   0.22496E+00
   0.26578E+03   0.22460E+00
   0.26641E+03   0.22425E+00
   0.26704E+03   0.22391E+00
   0.26766E+03   0.22357E+00
   0.26829E+03   0.22324E+00
   0.26892E+03   0.22291E+00
   0.26955E+03   0.22259E+00
   0.27018E+03   0.22227E+00
   0.27081E+03   0.22196E+00
   0.27143E+03   0.22165E+00
   0.27206E+03   0.22135E+00
   0.27269E+03   0.22105E+00
   0.27332E+03   0.22076E+00
   0.27395E+03   0.22047E+00
   0.27458E+03   0.22019E+00
   0.27520E+03   0.21991E+00
   0.27583E+03   0.21964E+00
   0.27646E+03   0.21937E+00
   0.27709E+03   0.21911E+00
   0.27772E+03   0.21885E+00
   0.27835E+03   0.21860E+00
   0.27897E+03   0.21835E+00
   0.27960E+03   0.21811E+00
   0.28023E+03   0.21787E+00
   0.28086E+03   0.21764E+00
   0.28149E+03   0.21741E+00
   0.28212E+03   0.21718E+00
   0.28274E+03   0.21696E+00
   0.28337E+03   0.21675E+00
   0.28400E+03   0.21654E+00
   0.28463E+03   0.21633E+00
   0.28526E+03   0.21613E+00
   0.28588E+03   0.21593E+00
   0.28651E+03   0.21574E+00
   0.28714E+03   0.21555E+00
   0.28777E+03   0.21537E+00
   0.28840E+03   0.21519E+00
   0.28903E+03   0.21502E+00
   0.28965E+03   0.21485E+00
   0.29028E+03   0.21468E+00
   0.29091E+03   0.21452E+00
   0.29154E+03   0.21436E+00
   0.29217E+03   0.21421E+00
   0.29280E+03   0.21406E+00
   0.29342E+03   0.21392E+00
   0.29405E+03   0.21378E+00
   0.29468E+03   0.21365E+00
   0.29531E+03   0.21352E+00
   0.29594E+03   0.21339E+00
   0.29657E+03   0.21327E+00
   0.29719E+03   0.21315E+00
   0.29782E+03   0.21304E+00
   0.29845E+03   0.21293E+00
   0.29908E+03   0.21283E+00
   0.29971E+03   0.21273E+00
   0.30034E+03   0.21263E+00
   0.30096E+03   0.21254E+00
   0.30159E+03   0.21246E+00
   0.30222E+03   0.21237E+00
   0.30285E+03   0.21230E+00
   0.30348E+03   0.21222E+00
   0.30411E+03   0.21215E+00
   0.30473E+03   0.21209E+00
   0.30536E+03   0.21202E+00
   0.30599E+03   0.21197E+00
   0.30662E+03   0.21192E+00
   0.30725E+03   0.21187E+00
   0.30788E+03   0.21182E+00
   0.30850E+03   0.21178E+00
   0.30913E+03   0.21175E+00
   0.30976E+03   0.21171E+00
   0.31039E+03   0.21169E+00
   0.31102E+03   0.21166E+00
   0.31165E+03   0.21165E+00
   0.31227E+03   0.21163E+00
   0.31290E+03   0.21162E+00
   0.31353E+03   0.21161E+00
   0.31416E+03   0.21161E+00
