   0.00000E+00   0.19876E+03
   0.62832E+00   0.20124E+03
   0.12566E+01   0.20892E+03
   0.18850E+01   0.22257E+03
   0.25133E+01   0.24367E+03
   0.31416E+01   0.27477E+03
   0.37699E+01   0.32023E+03
   0.43982E+01   0.38772E+03
   0.50265E+01   0.49153E+03
   0.56549E+01   0.66066E+03
   0.62832E+01   0.96135E+03
   0.69115E+01   0.15738E+04
   0.75398E+01   0.31456E+04
   0.81681E+01   0.96605E+04
   0.87965E+01   0.19088E+06
   0.94248E+01   0.29907E+05
   0.10053E+02   0.51011E+04
   0.10681E+02   0.20047E+04
   0.11310E+02   0.10573E+04
   0.11938E+02   0.64968E+03
   0.12566E+02   0.23673E+06
   0.13195E+02   0.31550E+03
   0.13823E+02   0.23777E+03
   0.14451E+02   0.18560E+03
   0.15080E+02   0.14894E+03
   0.15708E+02   0.12221E+03
   0.16336E+02   0.10214E+03
   0.16965E+02   0.86681E+02
   0.17593E+02   0.74529E+02
   0.18221E+02   0.64803E+02
   0.18850E+02   0.56897E+02
   0.19478E+02   0.50384E+02
   0.20106E+02   0.44953E+02
   0.20735E+02   0.40377E+02
   0.21363E+02   0.36484E+02
   0.21991E+02   0.33144E+02
   0.22619E+02   0.30255E+02
   0.23248E+02   0.27741E+02
   0.23876E+02   0.25538E+02
   0.24504E+02   0.23597E+02
   0.25133E+02   0.21877E+02
   0.25761E+02   0.20344E+02
   0.26389E+02   0.18974E+02
   0.27018E+02   0.17742E+02
   0.27646E+02   0.16632E+02
   0.28274E+02   0.15626E+02
   0.28903E+02   0.14714E+02
   0.29531E+02   0.13881E+02
   0.30159E+02   0.13121E+02
   0.30788E+02   0.12422E+02
   0.31416E+02   0.11782E+02
   0.32044E+02   0.11193E+02
   0.32673E+02   0.10647E+02
   0.33301E+02   0.10142E+02
   0.33929E+02   0.96751E+01
   0.34558E+02   0.92404E+01
   0.35186E+02   0.88337E+01
   0.35814E+02   0.84577E+01
   0.36442E+02   0.81055E+01
   0.37071E+02   0.77738E+01
   0.37699E+02   0.74641E+01
   0.38327E+02   0.71735E+01
   0.38956E+02   0.69001E+01
   0.39584E+02   0.66428E+01
   0.40212E+02   0.64002E+01
   0.40841E+02   0.61711E+01
   0.41469E+02   0.59549E+01
   0.42097E+02   0.57502E+01
   0.42726E+02   0.55562E+01
   0.43354E+02   0.53724E+01
   0.43982E+02   0.51982E+01
   0.44611E+02   0.50324E+01
   0.45239E+02   0.48750E+01
   0.45867E+02   0.47252E+01
   0.46496E+02   0.45821E+01
   0.47124E+02   0.44462E+01
   0.47752E+02   0.43165E+01
   0.48381E+02   0.41925E+01
   0.49009E+02   0.40738E+01
   0.49637E+02   0.39603E+01
   0.50265E+02   0.38519E+01
   0.50894E+02   0.37482E+01
   0.51522E+02   0.36485E+01
   0.52150E+02   0.35531E+01
   0.52779E+02   0.34615E+01
   0.53407E+02   0.33739E+01
   0.54035E+02   0.32889E+01
   0.54664E+02   0.32082E+01
   0.55292E+02   0.31300E+01
   0.55920E+02   0.30549E+01
   0.56549E+02   0.29826E+01
   0.57177E+02   0.29126E+01
   0.57805E+02   0.28459E+01
   0.58434E+02   0.27809E+01
   0.59062E+02   0.27186E+01
   0.59690E+02   0.26579E+01
   0.60319E+02   0.26006E+01
   0.60947E+02   0.25442E+01
   0.61575E+02   0.24897E+01
   0.62204E+02   0.24374E+01
   0.62832E+02   0.23864E+01
   0.63460E+02   0.23375E+01
   0.64088E+02   0.22899E+01
   0.64717E+02   0.22438E+01
   0.65345E+02   0.21991E+01
   0.65973E+02   0.21560E+01
   0.66602E+02   0.21143E+01
   0.67230E+02   0.20737E+01
   0.67858E+02   0.20345E+01
   0.68487E+02   0.19962E+01
   0.69115E+02   0.19592E+01
   0.69743E+02   0.19231E+01
   0.70372E+02   0.18882E+01
   0.71000E+02   0.18540E+01
   0.71628E+02   0.18213E+01
   0.72257E+02   0.17892E+01
   0.72885E+02   0.17578E+01
   0.73513E+02   0.17277E+01
   0.74142E+02   0.16982E+01
   0.74770E+02   0.16696E+01
   0.75398E+02   0.16416E+01
   0.76027E+02   0.16144E+01
   0.76655E+02   0.15879E+01
   0.77283E+02   0.15622E+01
   0.77911E+02   0.15370E+01
   0.78540E+02   0.15125E+01
   0.79168E+02   0.14887E+01
   0.79796E+02   0.14654E+01
   0.80425E+02   0.14429E+01
   0.81053E+02   0.14205E+01
   0.81681E+02   0.13991E+01
   0.82310E+02   0.13780E+01
   0.82938E+02   0.13574E+01
   0.83566E+02   0.13373E+01
   0.84195E+02   0.13176E+01
   0.84823E+02   0.12985E+01
   0.85451E+02   0.12798E+01
   0.86080E+02   0.12616E+01
   0.86708E+02   0.12437E+01
   0.87336E+02   0.12264E+01
   0.87965E+02   0.12094E+01
   0.88593E+02   0.11926E+01
   0.89221E+02   0.11764E+01
   0.89850E+02   0.11605E+01
   0.90478E+02   0.11449E+01
   0.91106E+02   0.11297E+01
   0.91734E+02   0.11146E+01
   0.92363E+02   0.11001E+01
   0.92991E+02   0.10858E+01
   0.93619E+02   0.10719E+01
   0.94248E+02   0.10581E+01
   0.94876E+02   0.10448E+01
   0.95504E+02   0.10316E+01
   0.96133E+02   0.10188E+01
   0.96761E+02   0.10063E+01
   0.97389E+02   0.99374E+00
   0.98018E+02   0.98177E+00
   0.98646E+02   0.96982E+00
   0.99274E+02   0.95832E+00
   0.99903E+02   0.94686E+00
   0.10053E+03   0.93577E+00
   0.10116E+03   0.92474E+00
   0.10179E+03   0.91407E+00
   0.10242E+03   0.90358E+00
   0.10304E+03   0.89312E+00
   0.10367E+03   0.88308E+00
   0.10430E+03   0.87314E+00
   0.10493E+03   0.86351E+00
   0.10556E+03   0.85363E+00
   0.10619E+03   0.84465E+00
   0.10681E+03   0.83520E+00
   0.10744E+03   0.82618E+00
   0.10807E+03   0.81732E+00
   0.10870E+03   0.80824E+00
   0.10933E+03   0.79995E+00
   0.10996E+03   0.79155E+00
   0.11058E+03   0.78340E+00
   0.11121E+03   0.77528E+00
   0.11184E+03   0.76730E+00
   0.11247E+03   0.75933E+00
   0.11310E+03   0.75152E+00
   0.11373E+03   0.74380E+00
   0.11435E+03   0.73672E+00
   0.11498E+03   0.72919E+00
   0.11561E+03   0.72210E+00
   0.11624E+03   0.71498E+00
   0.11687E+03   0.70788E+00
   0.11750E+03   0.70101E+00
   0.11812E+03   0.69431E+00
   0.11875E+03   0.68773E+00
   0.11938E+03   0.68120E+00
   0.12001E+03   0.67483E+00
   0.12064E+03   0.66861E+00
   0.12127E+03   0.66243E+00
   0.12189E+03   0.65624E+00
   0.12252E+03   0.65034E+00
   0.12315E+03   0.64445E+00
   0.12378E+03   0.63855E+00
   0.12441E+03   0.63277E+00
   0.12504E+03   0.62729E+00
   0.12566E+03   0.62157E+00
   0.12629E+03   0.61637E+00
   0.12692E+03   0.61079E+00
   0.12755E+03   0.60548E+00
   0.12818E+03   0.60027E+00
   0.12881E+03   0.59507E+00
   0.12943E+03   0.58997E+00
   0.13006E+03   0.58512E+00
   0.13069E+03   0.58027E+00
   0.13132E+03   0.57567E+00
   0.13195E+03   0.57060E+00
   0.13258E+03   0.56604E+00
   0.13320E+03   0.56132E+00
   0.13383E+03   0.55690E+00
   0.13446E+03   0.55245E+00
   0.13509E+03   0.54810E+00
   0.13572E+03   0.54367E+00
   0.13635E+03   0.53930E+00
   0.13697E+03   0.53511E+00
   0.13760E+03   0.53095E+00
   0.13823E+03   0.52678E+00
   0.13886E+03   0.52273E+00
   0.13949E+03   0.51871E+00
   0.14012E+03   0.51479E+00
   0.14074E+03   0.51088E+00
   0.14137E+03   0.50710E+00
   0.14200E+03   0.50328E+00
   0.14263E+03   0.49963E+00
   0.14326E+03   0.49601E+00
   0.14388E+03   0.49239E+00
   0.14451E+03   0.48880E+00
   0.14514E+03   0.48523E+00
   0.14577E+03   0.48182E+00
   0.14640E+03   0.47828E+00
   0.14703E+03   0.47506E+00
   0.14765E+03   0.47169E+00
   0.14828E+03   0.46835E+00
   0.14891E+03   0.46518E+00
   0.14954E+03   0.46185E+00
   0.15017E+03   0.45879E+00
   0.15080E+03   0.45564E+00
   0.15142E+03   0.45250E+00
   0.15205E+03   0.44954E+00
   0.15268E+03   0.44656E+00
   0.15331E+03   0.44357E+00
   0.15394E+03   0.44060E+00
   0.15457E+03   0.43773E+00
   0.15519E+03   0.43491E+00
   0.15582E+03   0.43207E+00
   0.15645E+03   0.42933E+00
   0.15708E+03   0.42656E+00
   0.15771E+03   0.42388E+00
   0.15834E+03   0.42123E+00
   0.15896E+03   0.41856E+00
   0.15959E+03   0.41591E+00
   0.16022E+03   0.41336E+00
   0.16085E+03   0.41081E+00
   0.16148E+03   0.40836E+00
   0.16211E+03   0.40583E+00
   0.16273E+03   0.40342E+00
   0.16336E+03   0.40101E+00
   0.16399E+03   0.39861E+00
   0.16462E+03   0.39621E+00
   0.16525E+03   0.39386E+00
   0.16588E+03   0.39162E+00
   0.16650E+03   0.38930E+00
   0.16713E+03   0.38716E+00
   0.16776E+03   0.38485E+00
   0.16839E+03   0.38273E+00
   0.16902E+03   0.38049E+00
   0.16965E+03   0.37835E+00
   0.17027E+03   0.37631E+00
   0.17090E+03   0.37418E+00
   0.17153E+03   0.37215E+00
   0.17216E+03   0.37004E+00
   0.17279E+03   0.36807E+00
   0.17342E+03   0.36604E+00
   0.17404E+03   0.36411E+00
   0.17467E+03   0.36217E+00
   0.17530E+03   0.36023E+00
   0.17593E+03   0.35834E+00
   0.17656E+03   0.35653E+00
   0.17719E+03   0.35466E+00
   0.17781E+03   0.35279E+00
   0.17844E+03   0.35098E+00
   0.17907E+03   0.34918E+00
   0.17970E+03   0.34743E+00
   0.18033E+03   0.34570E+00
   0.18096E+03   0.34390E+00
   0.18158E+03   0.34225E+00
   0.18221E+03   0.34053E+00
   0.18284E+03   0.33891E+00
   0.18347E+03   0.33725E+00
   0.18410E+03   0.33560E+00
   0.18473E+03   0.33400E+00
   0.18535E+03   0.33238E+00
   0.18598E+03   0.33080E+00
   0.18661E+03   0.32923E+00
   0.18724E+03   0.32769E+00
   0.18787E+03   0.32614E+00
   0.18850E+03   0.32463E+00
   0.18912E+03   0.32319E+00
   0.18975E+03   0.32171E+00
   0.19038E+03   0.32023E+00
   0.19101E+03   0.31881E+00
   0.19164E+03   0.31738E+00
   0.19227E+03   0.31593E+00
   0.19289E+03   0.31458E+00
   0.19352E+03   0.31316E+00
   0.19415E+03   0.31183E+00
   0.19478E+03   0.31050E+00
   0.19541E+03   0.30911E+00
   0.19604E+03   0.30782E+00
   0.19666E+03   0.30652E+00
   0.19729E+03   0.30523E+00
   0.19792E+03   0.30393E+00
   0.19855E+03   0.30273E+00
   0.19918E+03   0.30140E+00
   0.19981E+03   0.30018E+00
   0.20043E+03   0.29895E+00
   0.20106E+03   0.29776E+00
   0.20169E+03   0.29656E+00
   0.20232E+03   0.29538E+00
   0.20295E+03   0.29423E+00
   0.20358E+03   0.29307E+00
   0.20420E+03   0.29196E+00
   0.20483E+03   0.29084E+00
   0.20546E+03   0.28968E+00
   0.20609E+03   0.28865E+00
   0.20672E+03   0.28746E+00
   0.20735E+03   0.28642E+00
   0.20797E+03   0.28534E+00
   0.20860E+03   0.28426E+00
   0.20923E+03   0.28324E+00
   0.20986E+03   0.28221E+00
   0.21049E+03   0.28117E+00
   0.21112E+03   0.28017E+00
   0.21174E+03   0.27914E+00
   0.21237E+03   0.27815E+00
   0.21300E+03   0.27719E+00
   0.21363E+03   0.27622E+00
   0.21426E+03   0.27524E+00
   0.21488E+03   0.27431E+00
   0.21551E+03   0.27337E+00
   0.21614E+03   0.27247E+00
   0.21677E+03   0.27152E+00
   0.21740E+03   0.27067E+00
   0.21803E+03   0.26975E+00
   0.21865E+03   0.26886E+00
   0.21928E+03   0.26797E+00
   0.21991E+03   0.26710E+00
   0.22054E+03   0.26625E+00
   0.22117E+03   0.26540E+00
   0.22180E+03   0.26451E+00
   0.22242E+03   0.26367E+00
   0.22305E+03   0.26295E+00
   0.22368E+03   0.26209E+00
   0.22431E+03   0.26127E+00
   0.22494E+03   0.26046E+00
   0.22557E+03   0.25968E+00
   0.22619E+03   0.25890E+00
   0.22682E+03   0.25817E+00
   0.22745E+03   0.25743E+00
   0.22808E+03   0.25667E+00
   0.22871E+03   0.25597E+00
   0.22934E+03   0.25514E+00
   0.22996E+03   0.25446E+00
   0.23059E+03   0.25370E+00
   0.23122E+03   0.25304E+00
   0.23185E+03   0.25232E+00
   0.23248E+03   0.25159E+00
   0.23311E+03   0.25094E+00
   0.23373E+03   0.25024E+00
   0.23436E+03   0.24961E+00
   0.23499E+03   0.24883E+00
   0.23562E+03   0.24827E+00
   0.23625E+03   0.24750E+00
   0.23688E+03   0.24690E+00
   0.23750E+03   0.24635E+00
   0.23813E+03   0.24573E+00
   0.23876E+03   0.24513E+00
   0.23939E+03   0.24455E+00
   0.24002E+03   0.24393E+00
   0.24065E+03   0.24332E+00
   0.24127E+03   0.24268E+00
   0.24190E+03   0.24216E+00
   0.24253E+03   0.24148E+00
   0.24316E+03   0.24101E+00
   0.24379E+03   0.24041E+00
   0.24442E+03   0.23980E+00
   0.24504E+03   0.23924E+00
   0.24567E+03   0.23871E+00
   0.24630E+03   0.23816E+00
   0.24693E+03   0.23770E+00
   0.24756E+03   0.23713E+00
   0.24819E+03   0.23667E+00
   0.24881E+03   0.23611E+00
   0.24944E+03   0.23561E+00
   0.25007E+03   0.23512E+00
   0.25070E+03   0.23463E+00
   0.25133E+03   0.23416E+00
   0.25196E+03   0.23361E+00
   0.25258E+03   0.23321E+00
   0.25321E+03   0.23270E+00
   0.25384E+03   0.23230E+00
   0.25447E+03   0.23182E+00
   0.25510E+03   0.23130E+00
   0.25573E+03   0.23092E+00
   0.25635E+03   0.23040E+00
   0.25698E+03   0.23001E+00
   0.25761E+03   0.22956E+00
   0.25824E+03   0.22919E+00
   0.25887E+03   0.22875E+00
   0.25950E+03   0.22837E+00
   0.26012E+03   0.22795E+00
   0.26075E+03   0.22756E+00
   0.26138E+03   0.22722E+00
   0.26201E+03   0.22681E+00
   0.26264E+03   0.22645E+00
   0.26327E+03   0.22604E+00
   0.26389E+03   0.22568E+00
   0.26452E+03   0.22537E+00
   0.26515E+03   0.22493E+00
   0.26578E+03   0.22461E+00
   0.26641E+03   0.22422E+00
   0.26704E+03   0.22395E+00
   0.26766E+03   0.22358E+00
   0.26829E+03   0.22330E+00
   0.26892E+03   0.22292E+00
   0.26955E+03   0.22262E+00
   0.27018E+03   0.22230E+00
   0.27081E+03   0.22199E+00
   0.27143E+03   0.22171E+00
   0.27206E+03   0.22140E+00
   0.27269E+03   0.22107E+00
   0.27332E+03   0.22076E+00
   0.27395E+03   0.22044E+00
   0.27458E+03   0.22021E+00
   0.27520E+03   0.21990E+00
   0.27583E+03   0.21963E+00
   0.27646E+03   0.21936E+00
   0.27709E+03   0.21912E+00
   0.27772E+03   0.21888E+00
   0.27835E+03   0.21862E+00
   0.27897E+03   0.21838E+00
   0.27960E+03   0.21810E+00
   0.28023E+03   0.21786E+00
   0.28086E+03   0.21764E+00
   0.28149E+03   0.21741E+00
   0.28211E+03   0.21712E+00
   0.28274E+03   0.21696E+00
   0.28337E+03   0.21679E+00
   0.28400E+03   0.21654E+00
   0.28463E+03   0.21632E+00
   0.28526E+03   0.21613E+00
   0.28588E+03   0.21593E+00
   0.28651E+03   0.21573E+00
   0.28714E+03   0.21554E+00
   0.28777E+03   0.21536E+00
   0.28840E+03   0.21517E+00
   0.28903E+03   0.21499E+00
   0.28965E+03   0.21481E+00
   0.29028E+03   0.21467E+00
   0.29091E+03   0.21453E+00
   0.29154E+03   0.21442E+00
   0.29217E+03   0.21422E+00
   0.29280E+03   0.21409E+00
   0.29342E+03   0.21393E+00
   0.29405E+03   0.21379E+00
   0.29468E+03   0.21366E+00
   0.29531E+03   0.21353E+00
   0.29594E+03   0.21340E+00
   0.29657E+03   0.21327E+00
   0.29719E+03   0.21315E+00
   0.29782E+03   0.21305E+00
   0.29845E+03   0.21294E+00
   0.29908E+03   0.21284E+00
   0.29971E+03   0.21272E+00
   0.30034E+03   0.21265E+00
   0.30096E+03   0.21256E+00
   0.30159E+03   0.21249E+00
   0.30222E+03   0.21240E+00
   0.30285E+03   0.21231E+00
   0.30348E+03   0.21220E+00
   0.30411E+03   0.21213E+00
   0.30473E+03   0.21211E+00
   0.30536E+03   0.21203E+00
   0.30599E+03   0.21197E+00
   0.30662E+03   0.21194E+00
   0.30725E+03   0.21191E+00
   0.30788E+03   0.21183E+00
   0.30850E+03   0.21175E+00
   0.30913E+03   0.21172E+00
   0.30976E+03   0.21168E+00
   0.31039E+03   0.21169E+00
   0.31102E+03   0.21166E+00
   0.31165E+03   0.21163E+00
   0.31227E+03   0.21160E+00
   0.31290E+03   0.21162E+00
   0.31353E+03   0.21163E+00
   0.31416E+03   0.21162E+00
  -0.31353E+03   0.21163E+00
  -0.31290E+03   0.21162E+00
  -0.31227E+03   0.21160E+00
  -0.31165E+03   0.21163E+00
  -0.31102E+03   0.21166E+00
  -0.31039E+03   0.21169E+00
  -0.30976E+03   0.21168E+00
  -0.30913E+03   0.21172E+00
  -0.30850E+03   0.21175E+00
  -0.30788E+03   0.21183E+00
  -0.30725E+03   0.21191E+00
  -0.30662E+03   0.21194E+00
  -0.30599E+03   0.21197E+00
  -0.30536E+03   0.21203E+00
  -0.30473E+03   0.21211E+00
  -0.30411E+03   0.21213E+00
  -0.30348E+03   0.21220E+00
  -0.30285E+03   0.21231E+00
  -0.30222E+03   0.21240E+00
  -0.30159E+03   0.21249E+00
  -0.30096E+03   0.21256E+00
  -0.30034E+03   0.21265E+00
  -0.29971E+03   0.21272E+00
  -0.29908E+03   0.21284E+00
  -0.29845E+03   0.21294E+00
  -0.29782E+03   0.21305E+00
  -0.29719E+03   0.21315E+00
  -0.29657E+03   0.21327E+00
  -0.29594E+03   0.21340E+00
  -0.29531E+03   0.21353E+00
  -0.29468E+03   0.21366E+00
  -0.29405E+03   0.21379E+00
  -0.29342E+03   0.21393E+00
  -0.29280E+03   0.21409E+00
  -0.29217E+03   0.21422E+00
  -0.29154E+03   0.21442E+00
  -0.29091E+03   0.21453E+00
  -0.29028E+03   0.21467E+00
  -0.28965E+03   0.21481E+00
  -0.28903E+03   0.21499E+00
  -0.28840E+03   0.21517E+00
  -0.28777E+03   0.21536E+00
  -0.28714E+03   0.21554E+00
  -0.28651E+03   0.21573E+00
  -0.28588E+03   0.21593E+00
  -0.28526E+03   0.21613E+00
  -0.28463E+03   0.21632E+00
  -0.28400E+03   0.21654E+00
  -0.28337E+03   0.21679E+00
  -0.28274E+03   0.21696E+00
  -0.28211E+03   0.21712E+00
  -0.28149E+03   0.21741E+00
  -0.28086E+03   0.21764E+00
  -0.28023E+03   0.21786E+00
  -0.27960E+03   0.21810E+00
  -0.27897E+03   0.21838E+00
  -0.27835E+03   0.21862E+00
  -0.27772E+03   0.21888E+00
  -0.27709E+03   0.21912E+00
  -0.27646E+03   0.21936E+00
  -0.27583E+03   0.21963E+00
  -0.27520E+03   0.21990E+00
  -0.27458E+03   0.22021E+00
  -0.27395E+03   0.22044E+00
  -0.27332E+03   0.22076E+00
  -0.27269E+03   0.22107E+00
  -0.27206E+03   0.22140E+00
  -0.27143E+03   0.22171E+00
  -0.27081E+03   0.22199E+00
  -0.27018E+03   0.22230E+00
  -0.26955E+03   0.22262E+00
  -0.26892E+03   0.22292E+00
  -0.26829E+03   0.22330E+00
  -0.26766E+03   0.22358E+00
  -0.26704E+03   0.22395E+00
  -0.26641E+03   0.22422E+00
  -0.26578E+03   0.22461E+00
  -0.26515E+03   0.22493E+00
  -0.26452E+03   0.22537E+00
  -0.26389E+03   0.22568E+00
  -0.26327E+03   0.22604E+00
  -0.26264E+03   0.22645E+00
  -0.26201E+03   0.22681E+00
  -0.26138E+03   0.22722E+00
  -0.26075E+03   0.22756E+00
  -0.26012E+03   0.22795E+00
  -0.25950E+03   0.22837E+00
  -0.25887E+03   0.22875E+00
  -0.25824E+03   0.22919E+00
  -0.25761E+03   0.22956E+00
  -0.25698E+03   0.23001E+00
  -0.25635E+03   0.23040E+00
  -0.25573E+03   0.23092E+00
  -0.25510E+03   0.23130E+00
  -0.25447E+03   0.23182E+00
  -0.25384E+03   0.23230E+00
  -0.25321E+03   0.23270E+00
  -0.25258E+03   0.23321E+00
  -0.25196E+03   0.23361E+00
  -0.25133E+03   0.23416E+00
  -0.25070E+03   0.23463E+00
  -0.25007E+03   0.23512E+00
  -0.24944E+03   0.23561E+00
  -0.24881E+03   0.23611E+00
  -0.24819E+03   0.23667E+00
  -0.24756E+03   0.23713E+00
  -0.24693E+03   0.23770E+00
  -0.24630E+03   0.23816E+00
  -0.24567E+03   0.23871E+00
  -0.24504E+03   0.23924E+00
  -0.24442E+03   0.23980E+00
  -0.24379E+03   0.24041E+00
  -0.24316E+03   0.24101E+00
  -0.24253E+03   0.24148E+00
  -0.24190E+03   0.24216E+00
  -0.24127E+03   0.24268E+00
  -0.24065E+03   0.24332E+00
  -0.24002E+03   0.24393E+00
  -0.23939E+03   0.24455E+00
  -0.23876E+03   0.24513E+00
  -0.23813E+03   0.24573E+00
  -0.23750E+03   0.24635E+00
  -0.23688E+03   0.24690E+00
  -0.23625E+03   0.24750E+00
  -0.23562E+03   0.24827E+00
  -0.23499E+03   0.24883E+00
  -0.23436E+03   0.24961E+00
  -0.23373E+03   0.25024E+00
  -0.23311E+03   0.25094E+00
  -0.23248E+03   0.25159E+00
  -0.23185E+03   0.25232E+00
  -0.23122E+03   0.25304E+00
  -0.23059E+03   0.25370E+00
  -0.22996E+03   0.25446E+00
  -0.22934E+03   0.25514E+00
  -0.22871E+03   0.25597E+00
  -0.22808E+03   0.25667E+00
  -0.22745E+03   0.25743E+00
  -0.22682E+03   0.25817E+00
  -0.22619E+03   0.25890E+00
  -0.22557E+03   0.25968E+00
  -0.22494E+03   0.26046E+00
  -0.22431E+03   0.26127E+00
  -0.22368E+03   0.26209E+00
  -0.22305E+03   0.26295E+00
  -0.22242E+03   0.26367E+00
  -0.22180E+03   0.26451E+00
  -0.22117E+03   0.26540E+00
  -0.22054E+03   0.26625E+00
  -0.21991E+03   0.26710E+00
  -0.21928E+03   0.26797E+00
  -0.21865E+03   0.26886E+00
  -0.21803E+03   0.26975E+00
  -0.21740E+03   0.27067E+00
  -0.21677E+03   0.27152E+00
  -0.21614E+03   0.27247E+00
  -0.21551E+03   0.27337E+00
  -0.21488E+03   0.27431E+00
  -0.21426E+03   0.27524E+00
  -0.21363E+03   0.27622E+00
  -0.21300E+03   0.27719E+00
  -0.21237E+03   0.27815E+00
  -0.21174E+03   0.27914E+00
  -0.21112E+03   0.28017E+00
  -0.21049E+03   0.28117E+00
  -0.20986E+03   0.28221E+00
  -0.20923E+03   0.28324E+00
  -0.20860E+03   0.28426E+00
  -0.20797E+03   0.28534E+00
  -0.20735E+03   0.28642E+00
  -0.20672E+03   0.28746E+00
  -0.20609E+03   0.28865E+00
  -0.20546E+03   0.28968E+00
  -0.20483E+03   0.29084E+00
  -0.20420E+03   0.29196E+00
  -0.20358E+03   0.29307E+00
  -0.20295E+03   0.29423E+00
  -0.20232E+03   0.29538E+00
  -0.20169E+03   0.29656E+00
  -0.20106E+03   0.29776E+00
  -0.20043E+03   0.29895E+00
  -0.19981E+03   0.30018E+00
  -0.19918E+03   0.30140E+00
  -0.19855E+03   0.30273E+00
  -0.19792E+03   0.30393E+00
  -0.19729E+03   0.30523E+00
  -0.19666E+03   0.30652E+00
  -0.19604E+03   0.30782E+00
  -0.19541E+03   0.30911E+00
  -0.19478E+03   0.31050E+00
  -0.19415E+03   0.31183E+00
  -0.19352E+03   0.31316E+00
  -0.19289E+03   0.31458E+00
  -0.19227E+03   0.31593E+00
  -0.19164E+03   0.31738E+00
  -0.19101E+03   0.31881E+00
  -0.19038E+03   0.32023E+00
  -0.18975E+03   0.32171E+00
  -0.18912E+03   0.32319E+00
  -0.18850E+03   0.32463E+00
  -0.18787E+03   0.32614E+00
  -0.18724E+03   0.32769E+00
  -0.18661E+03   0.32923E+00
  -0.18598E+03   0.33080E+00
  -0.18535E+03   0.33238E+00
  -0.18473E+03   0.33400E+00
  -0.18410E+03   0.33560E+00
  -0.18347E+03   0.33725E+00
  -0.18284E+03   0.33891E+00
  -0.18221E+03   0.34053E+00
  -0.18158E+03   0.34225E+00
  -0.18096E+03   0.34390E+00
  -0.18033E+03   0.34570E+00
  -0.17970E+03   0.34743E+00
  -0.17907E+03   0.34918E+00
  -0.17844E+03   0.35098E+00
  -0.17781E+03   0.35279E+00
  -0.17719E+03   0.35466E+00
  -0.17656E+03   0.35653E+00
  -0.17593E+03   0.35834E+00
  -0.17530E+03   0.36023E+00
  -0.17467E+03   0.36217E+00
  -0.17404E+03   0.36411E+00
  -0.17342E+03   0.36604E+00
  -0.17279E+03   0.36807E+00
  -0.17216E+03   0.37004E+00
  -0.17153E+03   0.37215E+00
  -0.17090E+03   0.37418E+00
  -0.17027E+03   0.37631E+00
  -0.16965E+03   0.37835E+00
  -0.16902E+03   0.38049E+00
  -0.16839E+03   0.38273E+00
  -0.16776E+03   0.38485E+00
  -0.16713E+03   0.38716E+00
  -0.16650E+03   0.38930E+00
  -0.16588E+03   0.39162E+00
  -0.16525E+03   0.39386E+00
  -0.16462E+03   0.39621E+00
  -0.16399E+03   0.39861E+00
  -0.16336E+03   0.40101E+00
  -0.16273E+03   0.40342E+00
  -0.16211E+03   0.40583E+00
  -0.16148E+03   0.40836E+00
  -0.16085E+03   0.41081E+00
  -0.16022E+03   0.41336E+00
  -0.15959E+03   0.41591E+00
  -0.15896E+03   0.41856E+00
  -0.15834E+03   0.42123E+00
  -0.15771E+03   0.42388E+00
  -0.15708E+03   0.42656E+00
  -0.15645E+03   0.42933E+00
  -0.15582E+03   0.43207E+00
  -0.15519E+03   0.43491E+00
  -0.15457E+03   0.43773E+00
  -0.15394E+03   0.44060E+00
  -0.15331E+03   0.44357E+00
  -0.15268E+03   0.44656E+00
  -0.15205E+03   0.44954E+00
  -0.15142E+03   0.45250E+00
  -0.15080E+03   0.45564E+00
  -0.15017E+03   0.45879E+00
  -0.14954E+03   0.46185E+00
  -0.14891E+03   0.46518E+00
  -0.14828E+03   0.46835E+00
  -0.14765E+03   0.47169E+00
  -0.14703E+03   0.47506E+00
  -0.14640E+03   0.47828E+00
  -0.14577E+03   0.48182E+00
  -0.14514E+03   0.48523E+00
  -0.14451E+03   0.48880E+00
  -0.14388E+03   0.49239E+00
  -0.14326E+03   0.49601E+00
  -0.14263E+03   0.49963E+00
  -0.14200E+03   0.50328E+00
  -0.14137E+03   0.50710E+00
  -0.14074E+03   0.51088E+00
  -0.14012E+03   0.51479E+00
  -0.13949E+03   0.51871E+00
  -0.13886E+03   0.52273E+00
  -0.13823E+03   0.52678E+00
  -0.13760E+03   0.53095E+00
  -0.13697E+03   0.53511E+00
  -0.13635E+03   0.53930E+00
  -0.13572E+03   0.54367E+00
  -0.13509E+03   0.54810E+00
  -0.13446E+03   0.55245E+00
  -0.13383E+03   0.55690E+00
  -0.13320E+03   0.56132E+00
  -0.13258E+03   0.56604E+00
  -0.13195E+03   0.57060E+00
  -0.13132E+03   0.57567E+00
  -0.13069E+03   0.58027E+00
  -0.13006E+03   0.58512E+00
  -0.12943E+03   0.58997E+00
  -0.12881E+03   0.59507E+00
  -0.12818E+03   0.60027E+00
  -0.12755E+03   0.60548E+00
  -0.12692E+03   0.61079E+00
  -0.12629E+03   0.61637E+00
  -0.12566E+03   0.62157E+00
  -0.12504E+03   0.62729E+00
  -0.12441E+03   0.63277E+00
  -0.12378E+03   0.63855E+00
  -0.12315E+03   0.64445E+00
  -0.12252E+03   0.65034E+00
  -0.12189E+03   0.65624E+00
  -0.12127E+03   0.66243E+00
  -0.12064E+03   0.66861E+00
  -0.12001E+03   0.67483E+00
  -0.11938E+03   0.68120E+00
  -0.11875E+03   0.68773E+00
  -0.11812E+03   0.69431E+00
  -0.11750E+03   0.70101E+00
  -0.11687E+03   0.70788E+00
  -0.11624E+03   0.71498E+00
  -0.11561E+03   0.72210E+00
  -0.11498E+03   0.72919E+00
  -0.11435E+03   0.73672E+00
  -0.11373E+03   0.74380E+00
  -0.11310E+03   0.75152E+00
  -0.11247E+03   0.75933E+00
  -0.11184E+03   0.76730E+00
  -0.11121E+03   0.77528E+00
  -0.11058E+03   0.78340E+00
  -0.10996E+03   0.79155E+00
  -0.10933E+03   0.79995E+00
  -0.10870E+03   0.80824E+00
  -0.10807E+03   0.81732E+00
  -0.10744E+03   0.82618E+00
  -0.10681E+03   0.83520E+00
  -0.10619E+03   0.84465E+00
  -0.10556E+03   0.85363E+00
  -0.10493E+03   0.86351E+00
  -0.10430E+03   0.87314E+00
  -0.10367E+03   0.88308E+00
  -0.10304E+03   0.89312E+00
  -0.10242E+03   0.90358E+00
  -0.10179E+03   0.91407E+00
  -0.10116E+03   0.92474E+00
  -0.10053E+03   0.93577E+00
  -0.99903E+02   0.94686E+00
  -0.99274E+02   0.95832E+00
  -0.98646E+02   0.96982E+00
  -0.98018E+02   0.98177E+00
  -0.97389E+02   0.99374E+00
  -0.96761E+02   0.10063E+01
  -0.96133E+02   0.10188E+01
  -0.95504E+02   0.10316E+01
  -0.94876E+02   0.10448E+01
  -0.94248E+02   0.10581E+01
  -0.93619E+02   0.10719E+01
  -0.92991E+02   0.10858E+01
  -0.92363E+02   0.11001E+01
  -0.91734E+02   0.11146E+01
  -0.91106E+02   0.11297E+01
  -0.90478E+02   0.11449E+01
  -0.89850E+02   0.11605E+01
  -0.89221E+02   0.11764E+01
  -0.88593E+02   0.11926E+01
  -0.87965E+02   0.12094E+01
  -0.87336E+02   0.12264E+01
  -0.86708E+02   0.12437E+01
  -0.86080E+02   0.12616E+01
  -0.85451E+02   0.12798E+01
  -0.84823E+02   0.12985E+01
  -0.84195E+02   0.13176E+01
  -0.83566E+02   0.13373E+01
  -0.82938E+02   0.13574E+01
  -0.82310E+02   0.13780E+01
  -0.81681E+02   0.13991E+01
  -0.81053E+02   0.14205E+01
  -0.80425E+02   0.14429E+01
  -0.79796E+02   0.14654E+01
  -0.79168E+02   0.14887E+01
  -0.78540E+02   0.15125E+01
  -0.77911E+02   0.15370E+01
  -0.77283E+02   0.15622E+01
  -0.76655E+02   0.15879E+01
  -0.76027E+02   0.16144E+01
  -0.75398E+02   0.16416E+01
  -0.74770E+02   0.16696E+01
  -0.74142E+02   0.16982E+01
  -0.73513E+02   0.17277E+01
  -0.72885E+02   0.17578E+01
  -0.72257E+02   0.17892E+01
  -0.71628E+02   0.18213E+01
  -0.71000E+02   0.18540E+01
  -0.70372E+02   0.18882E+01
  -0.69743E+02   0.19231E+01
  -0.69115E+02   0.19592E+01
  -0.68487E+02   0.19962E+01
  -0.67858E+02   0.20345E+01
  -0.67230E+02   0.20737E+01
  -0.66602E+02   0.21143E+01
  -0.65973E+02   0.21560E+01
  -0.65345E+02   0.21991E+01
  -0.64717E+02   0.22438E+01
  -0.64088E+02   0.22899E+01
  -0.63460E+02   0.23375E+01
  -0.62832E+02   0.23864E+01
  -0.62204E+02   0.24374E+01
  -0.61575E+02   0.24897E+01
  -0.60947E+02   0.25442E+01
  -0.60319E+02   0.26006E+01
  -0.59690E+02   0.26579E+01
  -0.59062E+02   0.27186E+01
  -0.58434E+02   0.27809E+01
  -0.57805E+02   0.28459E+01
  -0.57177E+02   0.29126E+01
  -0.56549E+02   0.29826E+01
  -0.55920E+02   0.30549E+01
  -0.55292E+02   0.31300E+01
  -0.54664E+02   0.32082E+01
  -0.54035E+02   0.32889E+01
  -0.53407E+02   0.33739E+01
  -0.52779E+02   0.34615E+01
  -0.52150E+02   0.35531E+01
  -0.51522E+02   0.36485E+01
  -0.50894E+02   0.37482E+01
  -0.50265E+02   0.38519E+01
  -0.49637E+02   0.39603E+01
  -0.49009E+02   0.40738E+01
  -0.48381E+02   0.41925E+01
  -0.47752E+02   0.43165E+01
  -0.47124E+02   0.44462E+01
  -0.46496E+02   0.45821E+01
  -0.45867E+02   0.47252E+01
  -0.45239E+02   0.48750E+01
  -0.44611E+02   0.50324E+01
  -0.43982E+02   0.51982E+01
  -0.43354E+02   0.53724E+01
  -0.42726E+02   0.55562E+01
  -0.42097E+02   0.57502E+01
  -0.41469E+02   0.59549E+01
  -0.40841E+02   0.61711E+01
  -0.40212E+02   0.64002E+01
  -0.39584E+02   0.66428E+01
  -0.38956E+02   0.69001E+01
  -0.38327E+02   0.71735E+01
  -0.37699E+02   0.74641E+01
  -0.37071E+02   0.77738E+01
  -0.36442E+02   0.81055E+01
  -0.35814E+02   0.84577E+01
  -0.35186E+02   0.88337E+01
  -0.34558E+02   0.92404E+01
  -0.33929E+02   0.96751E+01
  -0.33301E+02   0.10142E+02
  -0.32673E+02   0.10647E+02
  -0.32044E+02   0.11193E+02
  -0.31416E+02   0.11782E+02
  -0.30788E+02   0.12422E+02
  -0.30159E+02   0.13121E+02
  -0.29531E+02   0.13881E+02
  -0.28903E+02   0.14714E+02
  -0.28274E+02   0.15626E+02
  -0.27646E+02   0.16632E+02
  -0.27018E+02   0.17742E+02
  -0.26389E+02   0.18974E+02
  -0.25761E+02   0.20344E+02
  -0.25133E+02   0.21877E+02
  -0.24504E+02   0.23597E+02
  -0.23876E+02   0.25538E+02
  -0.23248E+02   0.27741E+02
  -0.22619E+02   0.30255E+02
  -0.21991E+02   0.33144E+02
  -0.21363E+02   0.36484E+02
  -0.20735E+02   0.40377E+02
  -0.20106E+02   0.44953E+02
  -0.19478E+02   0.50384E+02
  -0.18850E+02   0.56897E+02
  -0.18221E+02   0.64803E+02
  -0.17593E+02   0.74529E+02
  -0.16965E+02   0.86681E+02
  -0.16336E+02   0.10214E+03
  -0.15708E+02   0.12221E+03
  -0.15080E+02   0.14894E+03
  -0.14451E+02   0.18560E+03
  -0.13823E+02   0.23777E+03
  -0.13195E+02   0.31550E+03
  -0.12566E+02   0.23673E+06
  -0.11938E+02   0.64968E+03
  -0.11310E+02   0.10573E+04
  -0.10681E+02   0.20047E+04
  -0.10053E+02   0.51011E+04
  -0.94248E+01   0.29907E+05
  -0.87965E+01   0.19088E+06
  -0.81681E+01   0.96605E+04
  -0.75398E+01   0.31456E+04
  -0.69115E+01   0.15738E+04
  -0.62832E+01   0.96135E+03
  -0.56549E+01   0.66066E+03
  -0.50265E+01   0.49153E+03
  -0.43982E+01   0.38772E+03
  -0.37699E+01   0.32023E+03
  -0.31416E+01   0.27477E+03
  -0.25133E+01   0.24367E+03
  -0.18850E+01   0.22257E+03
  -0.12566E+01   0.20892E+03
  -0.62832E+00   0.20124E+03
