   0.00000E+00   0.00000E+00
   0.20000E-01  -0.19950E-34
   0.40000E-01   0.10137E-17
   0.60000E-01   0.66072E-34
   0.80000E-01   0.47052E-34
   0.10000E+00  -0.59165E-33
   0.12000E+00  -0.18102E-17
   0.14000E+00   0.16149E-34
   0.16000E+00   0.00000E+00
   0.18000E+00   0.22622E-34
   0.20000E+00   0.14211E-16
   0.22000E+00  -0.31232E-34
   0.24000E+00   0.10892E-34
   0.26000E+00   0.51307E-34
   0.28000E+00   0.35286E-17
   0.30000E+00   0.12326E-33
   0.32000E+00   0.00000E+00
   0.34000E+00  -0.13660E-33
   0.36000E+00  -0.20933E-17
   0.38000E+00  -0.28035E-34
   0.40000E+00  -0.17256E-33
   0.42000E+00   0.17384E-33
   0.44000E+00  -0.98211E-18
   0.46000E+00  -0.68534E-34
   0.48000E+00   0.00000E+00
   0.50000E+00   0.32629E-17
   0.52000E+00  -0.18246E-18
   0.54000E+00  -0.41402E-34
   0.56000E+00  -0.82178E-34
   0.58000E+00  -0.37072E-34
   0.60000E+00   0.17764E-17
   0.62000E+00   0.32599E-34
   0.64000E+00   0.00000E+00
   0.66000E+00  -0.19410E-34
   0.68000E+00   0.26130E-17
   0.70000E+00   0.29582E-33
   0.72000E+00   0.15551E-34
   0.74000E+00  -0.42661E-34
   0.76000E+00   0.77232E-18
   0.78000E+00  -0.48588E-34
   0.80000E+00   0.00000E+00
   0.82000E+00   0.87930E-34
   0.84000E+00   0.73685E-17
   0.86000E+00   0.33272E-34
   0.88000E+00   0.50013E-34
   0.90000E+00   0.77237E-33
   0.92000E+00  -0.88846E-18
   0.94000E+00  -0.16718E-34
   0.96000E+00   0.00000E+00
   0.98000E+00   0.27252E-34
   0.10000E+01   0.50000E+00
   0.10200E+01  -0.85881E-34
   0.10400E+01   0.16556E-34
   0.10600E+01   0.33354E-34
   0.10800E+01   0.24105E-17
   0.11000E+01   0.39799E-33
   0.11200E+01   0.00000E+00
   0.11400E+01   0.31362E-34
   0.11600E+01   0.62911E-17
   0.11800E+01  -0.60491E-34
   0.12000E+01   0.17884E-33
   0.12200E+01  -0.32886E-34
   0.12400E+01  -0.74424E-18
   0.12600E+01  -0.26124E-33
   0.12800E+01   0.00000E+00
   0.13000E+01  -0.89015E-34
   0.13200E+01  -0.46012E-18
   0.13400E+01  -0.71431E-35
   0.13600E+01  -0.11778E-33
   0.13800E+01   0.35193E-34
   0.14000E+01  -0.11029E-16
   0.14200E+01  -0.11639E-33
   0.14400E+01   0.00000E+00
   0.14600E+01  -0.16498E-34
   0.14800E+01  -0.22682E-17
   0.15000E+01   0.84532E-18
   0.15200E+01   0.71983E-34
   0.15400E+01   0.39629E-35
   0.15600E+01   0.25710E-18
   0.15800E+01   0.15182E-33
   0.16000E+01   0.00000E+00
   0.16200E+01   0.26334E-34
   0.16400E+01  -0.20422E-17
   0.16600E+01   0.66177E-34
   0.16800E+01   0.10199E-33
   0.17000E+01   0.97135E-36
   0.17200E+01  -0.32185E-18
   0.17400E+01   0.14100E-33
   0.17600E+01   0.00000E+00
   0.17800E+01  -0.33941E-36
   0.18000E+01  -0.12042E-17
   0.18200E+01   0.73558E-34
   0.18400E+01   0.30480E-34
   0.18600E+01   0.23345E-34
   0.18800E+01   0.16518E-17
   0.19000E+01  -0.17874E-34
   0.19200E+01   0.00000E+00
   0.19400E+01  -0.28280E-34
   0.19600E+01   0.86438E-18
   0.19800E+01   0.36264E-34
   0.20000E+01  -0.39443E-33
   0.20200E+01  -0.75063E-34
   0.20400E+01  -0.59745E-18
   0.20600E+01   0.76681E-34
   0.20800E+01   0.00000E+00
   0.21000E+01  -0.19381E-33
   0.21200E+01  -0.33391E-18
   0.21400E+01  -0.28982E-34
   0.21600E+01   0.32431E-33
   0.21800E+01   0.50760E-34
   0.22000E+01   0.29799E-17
   0.22200E+01   0.87949E-34
   0.22400E+01   0.00000E+00
   0.22600E+01  -0.51951E-34
   0.22800E+01  -0.10529E-17
   0.23000E+01   0.20399E-33
   0.23200E+01  -0.14704E-33
   0.23400E+01   0.91542E-34
   0.23600E+01  -0.60247E-18
   0.23800E+01   0.26765E-35
   0.24000E+01   0.00000E+00
   0.24200E+01  -0.18777E-33
   0.24400E+01  -0.91907E-18
   0.24600E+01   0.44119E-34
   0.24800E+01  -0.39123E-34
   0.25000E+01   0.19722E-33
   0.25200E+01   0.88726E-18
   0.25400E+01   0.63566E-34
   0.25600E+01   0.00000E+00
   0.25800E+01   0.33815E-33
   0.26000E+01  -0.27476E-17
   0.26200E+01  -0.40427E-36
   0.26400E+01   0.24749E-34
   0.26600E+01   0.15731E-35
   0.26800E+01  -0.50309E-18
   0.27000E+01  -0.43893E-33
   0.27200E+01   0.00000E+00
   0.27400E+01   0.15017E-33
   0.27600E+01   0.47114E-18
   0.27800E+01   0.23160E-34
   0.28000E+01   0.30987E-33
   0.28200E+01   0.11095E-33
   0.28400E+01  -0.14486E-18
   0.28600E+01  -0.11409E-34
   0.28800E+01   0.00000E+00
   0.29000E+01   0.15817E-33
   0.29200E+01  -0.21900E-18
   0.29400E+01  -0.25278E-34
   0.29600E+01   0.44045E-34
   0.29800E+01   0.51106E-35
   0.30000E+01   0.28422E-16
   0.30200E+01   0.15724E-33
   0.30400E+01   0.00000E+00
   0.30600E+01  -0.70588E-35
   0.30800E+01  -0.80892E-18
   0.31000E+01   0.43463E-33
   0.31200E+01  -0.55068E-34
   0.31400E+01  -0.27570E-34
   0.31600E+01   0.52445E-17
   0.31800E+01   0.46135E-34
   0.32000E+01   0.00000E+00
   0.32200E+01   0.67802E-34
   0.32400E+01  -0.49056E-18
   0.32600E+01   0.10771E-33
   0.32800E+01  -0.13706E-34
   0.33000E+01  -0.91498E-34
   0.33200E+01  -0.32498E-17
   0.33400E+01   0.10812E-33
   0.33600E+01   0.00000E+00
   0.33800E+01   0.47508E-34
   0.34000E+01  -0.45298E-17
   0.34200E+01  -0.52842E-35
   0.34400E+01   0.35416E-34
   0.34600E+01  -0.37651E-35
   0.34800E+01   0.38372E-17
   0.35000E+01  -0.10791E-16
   0.35200E+01   0.00000E+00
   0.35400E+01   0.43174E-34
   0.35600E+01   0.42891E-18
   0.35800E+01  -0.23987E-33
   0.36000E+01   0.33009E-34
   0.36200E+01   0.33172E-34
   0.36400E+01  -0.68858E-18
   0.36600E+01   0.16398E-33
   0.36800E+01   0.00000E+00
   0.37000E+01  -0.96922E-35
   0.37200E+01   0.69028E-19
   0.37400E+01  -0.64694E-35
   0.37600E+01   0.29222E-34
   0.37800E+01   0.19739E-34
   0.38000E+01   0.12445E-16
   0.38200E+01  -0.15755E-33
   0.38400E+01   0.00000E+00
   0.38600E+01  -0.46196E-34
   0.38800E+01  -0.79016E-18
   0.39000E+01  -0.29627E-33
   0.39200E+01  -0.45522E-34
   0.39400E+01  -0.70066E-35
   0.39600E+01   0.11162E-17
   0.39800E+01  -0.77650E-34
   0.40000E+01   0.84189E-17
   0.40200E+01   0.85505E-34
   0.40400E+01  -0.12005E-19
   0.40600E+01  -0.31051E-34
   0.40800E+01  -0.19331E-34
   0.41000E+01  -0.17028E-33
   0.41200E+01  -0.14487E-17
   0.41400E+01   0.37302E-34
   0.41600E+01   0.00000E+00
   0.41800E+01  -0.15111E-34
   0.42000E+01   0.98442E-17
   0.42200E+01  -0.27874E-34
   0.42400E+01   0.51030E-34
   0.42600E+01  -0.79916E-34
   0.42800E+01   0.26698E-17
   0.43000E+01   0.36336E-34
   0.43200E+01   0.00000E+00
   0.43400E+01   0.76026E-34
   0.43600E+01   0.63814E-18
   0.43800E+01  -0.56563E-34
   0.44000E+01   0.35601E-33
   0.44200E+01   0.35298E-34
   0.44400E+01  -0.61151E-18
   0.44600E+01   0.42377E-35
   0.44800E+01   0.00000E+00
   0.45000E+01  -0.32629E-17
   0.45200E+01   0.13945E-17
   0.45400E+01  -0.10216E-34
   0.45600E+01   0.42206E-34
   0.45800E+01  -0.40930E-34
   0.46000E+01  -0.13752E-16
   0.46200E+01  -0.24562E-34
   0.46400E+01   0.00000E+00
   0.46600E+01   0.21862E-33
   0.46800E+01  -0.13268E-17
   0.47000E+01  -0.15445E-33
   0.47200E+01  -0.56849E-34
   0.47400E+01  -0.26676E-34
   0.47600E+01   0.59895E-18
   0.47800E+01  -0.47365E-34
   0.48000E+01   0.00000E+00
   0.48200E+01  -0.56874E-34
   0.48400E+01   0.38049E-17
   0.48600E+01  -0.30011E-34
   0.48800E+01  -0.45929E-34
   0.49000E+01  -0.30789E-33
   0.49200E+01  -0.12438E-17
   0.49400E+01   0.80263E-34
   0.49600E+01   0.00000E+00
   0.49800E+01   0.10099E-33
   0.50000E+01  -0.15888E-16
   0.50200E+01  -0.46675E-34
   0.50400E+01   0.87127E-34
   0.50600E+01   0.58662E-34
   0.50800E+01   0.24650E-17
   0.51000E+01  -0.65539E-33
   0.51200E+01   0.00000E+00
   0.51400E+01  -0.35775E-34
   0.51600E+01  -0.11750E-17
   0.51800E+01  -0.15633E-33
   0.52000E+01  -0.17865E-33
   0.52200E+01   0.23630E-34
   0.52400E+01  -0.61946E-18
   0.52600E+01  -0.15170E-33
   0.52800E+01   0.00000E+00
   0.53000E+01  -0.11911E-33
   0.53200E+01  -0.39731E-17
   0.53400E+01   0.31896E-34
   0.53600E+01   0.12089E-33
   0.53800E+01   0.27191E-34
   0.54000E+01   0.50170E-17
   0.54200E+01  -0.82812E-34
   0.54400E+01   0.00000E+00
   0.54600E+01   0.52117E-34
   0.54800E+01   0.44929E-19
   0.55000E+01   0.32629E-17
   0.55200E+01  -0.14134E-33
   0.55400E+01  -0.40957E-35
   0.55600E+01   0.21592E-18
   0.55800E+01  -0.14383E-33
   0.56000E+01   0.00000E+00
   0.56200E+01  -0.20574E-35
   0.56400E+01  -0.17757E-17
   0.56600E+01   0.18940E-33
   0.56800E+01  -0.21637E-33
   0.57000E+01   0.13825E-33
   0.57200E+01  -0.14329E-17
   0.57400E+01  -0.11935E-33
   0.57600E+01   0.00000E+00
   0.57800E+01   0.82244E-34
   0.58000E+01  -0.24614E-18
   0.58200E+01   0.20095E-34
   0.58400E+01   0.45145E-33
   0.58600E+01   0.39232E-34
   0.58800E+01   0.26474E-17
   0.59000E+01  -0.12242E-33
   0.59200E+01   0.00000E+00
   0.59400E+01  -0.87854E-34
   0.59600E+01   0.20298E-18
   0.59800E+01   0.85474E-34
   0.60000E+01  -0.84189E-17
   0.60200E+01   0.60101E-34
   0.60400E+01  -0.75437E-18
   0.60600E+01   0.89955E-34
   0.60800E+01   0.00000E+00
   0.61000E+01  -0.49449E-35
   0.61200E+01  -0.16680E-17
   0.61400E+01  -0.37437E-34
   0.61600E+01  -0.68662E-33
   0.61800E+01   0.10752E-33
   0.62000E+01   0.30353E-17
   0.62200E+01   0.46584E-34
   0.62400E+01   0.00000E+00
   0.62600E+01   0.15071E-33
   0.62800E+01  -0.33788E-18
   0.63000E+01  -0.13891E-33
   0.63200E+01   0.23149E-33
   0.63400E+01   0.55003E-34
   0.63600E+01  -0.59539E-18
   0.63800E+01  -0.75295E-34
   0.64000E+01   0.00000E+00
   0.64200E+01  -0.19688E-34
   0.64400E+01  -0.11488E-17
   0.64600E+01   0.65128E-34
   0.64800E+01   0.18173E-33
   0.65000E+01   0.19642E-17
   0.65200E+01  -0.28879E-17
   0.65400E+01  -0.96646E-35
   0.65600E+01   0.00000E+00
   0.65800E+01  -0.15800E-33
   0.66000E+01  -0.14049E-17
   0.66200E+01  -0.54833E-36
   0.66400E+01  -0.85527E-34
   0.66600E+01  -0.24175E-34
   0.66800E+01   0.47690E-17
   0.67000E+01  -0.41528E-33
   0.67200E+01   0.00000E+00
   0.67400E+01   0.20488E-33
   0.67600E+01   0.55008E-18
   0.67800E+01   0.87685E-35
   0.68000E+01   0.93230E-33
   0.68200E+01  -0.91173E-34
   0.68400E+01  -0.27165E-17
   0.68600E+01   0.20618E-34
   0.68800E+01   0.00000E+00
   0.69000E+01   0.19113E-33
   0.69200E+01  -0.12503E-17
   0.69400E+01  -0.43190E-34
   0.69600E+01  -0.17074E-33
   0.69800E+01  -0.63367E-34
   0.70000E+01   0.00000E+00
   0.70200E+01   0.99668E-34
   0.70400E+01   0.00000E+00
   0.70600E+01  -0.95881E-34
   0.70800E+01  -0.53734E-18
   0.71000E+01  -0.44426E-33
   0.71200E+01   0.80884E-34
   0.71400E+01  -0.18679E-34
   0.71600E+01   0.56918E-17
   0.71800E+01  -0.14474E-33
   0.72000E+01   0.00000E+00
   0.72200E+01   0.24847E-34
   0.72400E+01  -0.10148E-17
   0.72600E+01   0.14835E-33
   0.72800E+01   0.80954E-34
   0.73000E+01  -0.11247E-33
   0.73200E+01   0.33697E-17
   0.73400E+01  -0.24786E-34
   0.73600E+01   0.00000E+00
   0.73800E+01   0.35669E-34
   0.74000E+01  -0.11041E-16
   0.74200E+01   0.23556E-33
   0.74400E+01  -0.20135E-34
   0.74600E+01   0.12661E-34
   0.74800E+01  -0.53402E-18
   0.75000E+01  -0.59165E-33
   0.75200E+01   0.00000E+00
   0.75400E+01   0.30506E-34
   0.75600E+01   0.10845E-17
   0.75800E+01   0.22003E-33
   0.76000E+01   0.29051E-33
   0.76200E+01  -0.21069E-34
   0.76400E+01   0.33256E-18
   0.76600E+01   0.19996E-33
   0.76800E+01   0.00000E+00
   0.77000E+01   0.14598E-33
   0.77200E+01  -0.97954E-18
   0.77400E+01   0.30806E-34
   0.77600E+01  -0.14755E-33
   0.77800E+01  -0.29651E-35
   0.78000E+01  -0.43797E-17
   0.78200E+01  -0.89111E-34
   0.78400E+01   0.00000E+00
   0.78600E+01  -0.10114E-33
   0.78800E+01  -0.91951E-18
   0.79000E+01  -0.83710E-34
   0.79200E+01   0.62443E-34
   0.79400E+01   0.12098E-34
   0.79600E+01   0.14197E-17
   0.79800E+01   0.32729E-34
   0.80000E+01   0.78886E-33
   0.80200E+01   0.64301E-34
   0.80400E+01  -0.11072E-17
   0.80600E+01  -0.20198E-34
   0.80800E+01   0.55847E-34
   0.81000E+01   0.98938E-34
   0.81200E+01   0.72060E-18
   0.81400E+01   0.49149E-34
   0.81600E+01   0.00000E+00
   0.81800E+01   0.79694E-34
   0.82000E+01   0.54834E-17
   0.82200E+01  -0.72701E-34
   0.82400E+01   0.47880E-35
   0.82600E+01   0.33546E-34
   0.82800E+01   0.75176E-18
   0.83000E+01  -0.16227E-33
   0.83200E+01   0.00000E+00
   0.83400E+01  -0.73772E-34
   0.83600E+01   0.27851E-17
   0.83800E+01   0.13950E-35
   0.84000E+01  -0.29597E-33
   0.84200E+01   0.83704E-34
   0.84400E+01   0.43277E-19
   0.84600E+01   0.71975E-34
   0.84800E+01   0.00000E+00
   0.85000E+01  -0.73613E-17
   0.85200E+01  -0.30067E-18
   0.85400E+01  -0.84199E-35
   0.85600E+01  -0.18205E-33
   0.85800E+01  -0.23755E-33
   0.86000E+01   0.16888E-16
   0.86200E+01   0.16838E-34
   0.86400E+01   0.00000E+00
   0.86600E+01   0.26348E-33
   0.86800E+01  -0.31619E-17
   0.87000E+01   0.42109E-33
   0.87200E+01   0.63328E-34
   0.87400E+01  -0.10431E-33
   0.87600E+01   0.10360E-17
   0.87800E+01   0.41418E-35
   0.88000E+01   0.00000E+00
   0.88200E+01  -0.11007E-33
   0.88400E+01  -0.32098E-17
   0.88600E+01   0.35858E-34
   0.88800E+01   0.40994E-34
   0.89000E+01  -0.35774E-33
   0.89200E+01   0.22106E-18
   0.89400E+01   0.98056E-34
   0.89600E+01   0.00000E+00
   0.89800E+01  -0.16696E-35
   0.90000E+01   0.15888E-16
   0.90200E+01  -0.78147E-34
   0.90400E+01   0.28619E-34
   0.90600E+01   0.44342E-35
   0.90800E+01   0.11207E-17
   0.91000E+01  -0.74947E-33
   0.91200E+01   0.00000E+00
   0.91400E+01   0.12005E-34
   0.91600E+01  -0.11957E-16
   0.91800E+01  -0.14450E-33
   0.92000E+01   0.20389E-33
   0.92200E+01  -0.10152E-34
   0.92400E+01   0.13267E-20
   0.92600E+01   0.11255E-33
   0.92800E+01   0.00000E+00
   0.93000E+01   0.10919E-33
   0.93200E+01  -0.28081E-17
   0.93400E+01  -0.13425E-34
   0.93600E+01  -0.35743E-33
   0.93800E+01  -0.81723E-35
   0.94000E+01   0.59651E-17
   0.94200E+01   0.40200E-33
   0.94400E+01   0.00000E+00
   0.94600E+01   0.21213E-34
   0.94800E+01   0.20795E-17
   0.95000E+01  -0.32629E-17
   0.95200E+01   0.90769E-34
   0.95400E+01  -0.37811E-34
   0.95600E+01   0.97514E-18
   0.95800E+01  -0.40474E-33
   0.96000E+01   0.00000E+00
   0.96200E+01  -0.42880E-34
   0.96400E+01   0.61710E-19
   0.96600E+01  -0.23706E-33
   0.96800E+01   0.10590E-34
   0.97000E+01   0.16229E-33
   0.97200E+01  -0.19264E-18
   0.97400E+01  -0.17985E-33
   0.97600E+01   0.00000E+00
   0.97800E+01   0.29901E-34
   0.98000E+01  -0.13154E-16
   0.98200E+01  -0.57471E-35
   0.98400E+01   0.16760E-33
   0.98600E+01   0.32058E-34
   0.98800E+01   0.15872E-17
   0.99000E+01  -0.99110E-34
   0.99200E+01   0.00000E+00
   0.99400E+01  -0.60294E-34
   0.99600E+01  -0.20058E-17
   0.99800E+01   0.15878E-33
   0.10000E+02   0.00000E+00
   0.10020E+02   0.59557E-34
   0.10040E+02   0.36632E-19
   0.10060E+02  -0.14975E-35
   0.10080E+02   0.00000E+00
   0.10100E+02  -0.39552E-34
   0.10120E+02  -0.17500E-17
   0.10140E+02  -0.24764E-34
   0.10160E+02   0.13207E-32
   0.10180E+02   0.13322E-33
   0.10200E+02  -0.73598E-17
   0.10220E+02  -0.30448E-34
   0.10240E+02   0.00000E+00
   0.10260E+02  -0.44681E-34
   0.10280E+02   0.77117E-18
   0.10300E+02   0.30017E-34
   0.10320E+02  -0.11889E-34
   0.10340E+02  -0.13502E-34
   0.10360E+02   0.13564E-17
   0.10380E+02  -0.11989E-33
   0.10400E+02   0.00000E+00
   0.10420E+02  -0.82608E-34
   0.10440E+02  -0.30134E-18
   0.10460E+02  -0.61116E-34
   0.10480E+02   0.61233E-34
   0.10500E+02   0.32629E-17
   0.10520E+02  -0.15697E-17
   0.10540E+02  -0.15731E-34
   0.10560E+02   0.00000E+00
   0.10580E+02  -0.16595E-33
   0.10600E+02   0.59571E-17
   0.10620E+02  -0.35161E-34
   0.10640E+02  -0.16622E-34
   0.10660E+02  -0.18770E-33
   0.10680E+02   0.42800E-17
   0.10700E+02   0.28129E-33
   0.10720E+02   0.00000E+00
   0.10740E+02   0.21934E-33
   0.10760E+02  -0.98226E-18
   0.10780E+02   0.62993E-34
   0.10800E+02   0.66820E-34
   0.10820E+02  -0.20340E-33
   0.10840E+02   0.45196E-18
   0.10860E+02   0.13226E-34
   0.10880E+02   0.00000E+00
   0.10900E+02  -0.10995E-33
   0.10920E+02  -0.16292E-17
   0.10940E+02  -0.50686E-34
   0.10960E+02   0.21239E-33
   0.10980E+02  -0.17785E-33
   0.11000E+02   0.28422E-16
   0.11020E+02   0.29182E-34
   0.11040E+02   0.00000E+00
   0.11060E+02   0.38833E-34
   0.11080E+02   0.45693E-18
   0.11100E+02   0.41157E-33
   0.11120E+02   0.43570E-34
   0.11140E+02  -0.37369E-34
   0.11160E+02  -0.34682E-17
   0.11180E+02  -0.27528E-33
   0.11200E+02   0.00000E+00
   0.11220E+02  -0.34233E-34
   0.11240E+02  -0.46427E-18
   0.11260E+02  -0.11944E-33
   0.11280E+02   0.43341E-34
   0.11300E+02  -0.23249E-33
   0.11320E+02   0.39519E-17
   0.11340E+02   0.13783E-33
   0.11360E+02   0.00000E+00
   0.11380E+02  -0.10698E-36
   0.11400E+02  -0.11964E-16
   0.11420E+02   0.38785E-34
   0.11440E+02   0.17116E-34
   0.11460E+02  -0.43469E-34
   0.11480E+02  -0.22795E-17
   0.11500E+02   0.31975E-17
   0.11520E+02   0.00000E+00
   0.11540E+02   0.49239E-34
   0.11560E+02  -0.39952E-18
   0.11580E+02   0.46868E-33
   0.11600E+02  -0.95946E-35
   0.11620E+02  -0.10056E-33
   0.11640E+02  -0.76300E-19
   0.11660E+02   0.22025E-35
   0.11680E+02   0.00000E+00
   0.11700E+02  -0.27000E-34
   0.11720E+02  -0.16952E-17
   0.11740E+02   0.94031E-34
   0.11760E+02   0.11657E-33
   0.11780E+02  -0.10889E-33
   0.11800E+02   0.95290E-17
   0.11820E+02  -0.78661E-34
   0.11840E+02   0.00000E+00
   0.11860E+02   0.38703E-34
   0.11880E+02   0.26003E-18
   0.11900E+02  -0.45894E-33
   0.11920E+02   0.69358E-34
   0.11940E+02  -0.42082E-34
   0.11960E+02  -0.44153E-18
   0.11980E+02   0.12348E-33
   0.12000E+02   0.78886E-33
   0.12020E+02  -0.85263E-34
   0.12040E+02  -0.75837E-18
   0.12060E+02   0.33287E-34
   0.12080E+02   0.36140E-34
   0.12100E+02   0.39135E-33
   0.12120E+02   0.16998E-17
   0.12140E+02  -0.57013E-34
   0.12160E+02   0.00000E+00
   0.12180E+02   0.14366E-34
   0.12200E+02  -0.67414E-17
   0.12220E+02  -0.83651E-34
   0.12240E+02   0.42835E-34
   0.12260E+02  -0.17164E-34
   0.12280E+02  -0.86337E-18
   0.12300E+02   0.14121E-33
   0.12320E+02   0.00000E+00
   0.12340E+02  -0.41996E-34
   0.12360E+02   0.58997E-18
   0.12380E+02   0.15137E-33
   0.12400E+02   0.52006E-33
   0.12420E+02  -0.25021E-33
   0.12440E+02   0.77356E-19
   0.12460E+02   0.78435E-35
   0.12480E+02   0.00000E+00
   0.12500E+02   0.78886E-33
   0.12520E+02  -0.22120E-17
   0.12540E+02   0.13972E-34
   0.12560E+02   0.84956E-34
   0.12580E+02   0.15746E-34
   0.12600E+02   0.80421E-17
   0.12620E+02  -0.10544E-34
   0.12640E+02   0.00000E+00
   0.12660E+02  -0.17515E-33
   0.12680E+02  -0.35624E-18
   0.12700E+02   0.18664E-33
   0.12720E+02   0.11415E-33
   0.12740E+02   0.16365E-35
   0.12760E+02  -0.27979E-18
   0.12780E+02   0.36739E-34
   0.12800E+02   0.00000E+00
   0.12820E+02   0.11245E-33
   0.12840E+02  -0.39815E-17
   0.12860E+02   0.27628E-34
   0.12880E+02   0.29363E-34
   0.12900E+02  -0.10615E-33
   0.12920E+02   0.14818E-17
   0.12940E+02  -0.36965E-34
   0.12960E+02   0.00000E+00
   0.12980E+02  -0.72637E-36
   0.13000E+02   0.15888E-16
   0.13020E+02  -0.14258E-33
   0.13040E+02   0.92749E-34
   0.13060E+02  -0.58132E-34
   0.13080E+02  -0.81826E-18
   0.13100E+02   0.12454E-33
   0.13120E+02   0.00000E+00
   0.13140E+02   0.34808E-34
   0.13160E+02  -0.63848E-17
   0.13180E+02   0.31258E-33
   0.13200E+02   0.88373E-33
   0.13220E+02  -0.45927E-34
   0.13240E+02   0.26022E-18
   0.13260E+02  -0.11366E-34
   0.13280E+02   0.00000E+00
   0.13300E+02   0.44456E-34
   0.13320E+02  -0.16635E-18
   0.13340E+02  -0.23919E-34
   0.13360E+02   0.76405E-34
   0.13380E+02  -0.86891E-34
   0.13400E+02   0.29397E-17
   0.13420E+02   0.25021E-33
   0.13440E+02   0.00000E+00
   0.13460E+02  -0.57475E-34
   0.13480E+02   0.10238E-17
   0.13500E+02  -0.85946E-17
   0.13520E+02   0.29636E-33
   0.13540E+02  -0.30474E-34
   0.13560E+02  -0.34142E-18
   0.13580E+02  -0.25330E-33
   0.13600E+02   0.00000E+00
   0.13620E+02   0.28084E-34
   0.13640E+02   0.93076E-18
   0.13660E+02  -0.16654E-33
   0.13680E+02   0.95796E-35
   0.13700E+02   0.21403E-33
   0.13720E+02   0.16849E-17
   0.13740E+02   0.11618E-34
   0.13760E+02   0.00000E+00
   0.13780E+02   0.22338E-35
   0.13800E+02  -0.37788E-17
   0.13820E+02   0.10241E-33
   0.13840E+02   0.58614E-33
   0.13860E+02  -0.78225E-34
   0.13880E+02  -0.13595E-17
   0.13900E+02  -0.11710E-33
   0.13920E+02   0.00000E+00
   0.13940E+02  -0.64064E-35
   0.13960E+02  -0.15329E-17
   0.13980E+02  -0.12811E-33
   0.14000E+02  -0.84189E-17
   0.14020E+02  -0.71787E-34
   0.14040E+02   0.68241E-18
   0.14060E+02   0.33769E-34
   0.14080E+02   0.00000E+00
   0.14100E+02  -0.67449E-34
   0.14120E+02  -0.11449E-17
   0.14140E+02   0.18662E-34
   0.14160E+02   0.14693E-34
   0.14180E+02  -0.18544E-33
   0.14200E+02   0.12701E-16
   0.14220E+02  -0.57775E-34
   0.14240E+02   0.00000E+00
   0.14260E+02  -0.14748E-33
   0.14280E+02   0.74162E-18
   0.14300E+02  -0.36682E-33
   0.14320E+02  -0.42220E-33
   0.14340E+02  -0.13049E-33
   0.14360E+02  -0.66586E-18
   0.14380E+02  -0.65799E-34
   0.14400E+02   0.00000E+00
   0.14420E+02   0.72830E-34
   0.14440E+02   0.45218E-18
   0.14460E+02  -0.64421E-34
   0.14480E+02   0.44440E-34
   0.14500E+02  -0.32629E-17
   0.14520E+02   0.30203E-17
   0.14540E+02  -0.21486E-35
   0.14560E+02   0.00000E+00
   0.14580E+02   0.13683E-34
   0.14600E+02   0.29574E-17
   0.14620E+02  -0.77879E-35
   0.14640E+02  -0.14490E-33
   0.14660E+02   0.13557E-33
   0.14680E+02  -0.50333E-17
   0.14700E+02   0.31608E-33
   0.14720E+02   0.00000E+00
   0.14740E+02   0.10934E-33
   0.14760E+02  -0.98983E-18
   0.14780E+02  -0.37099E-34
   0.14800E+02   0.63646E-33
   0.14820E+02  -0.11340E-34
   0.14840E+02   0.49818E-17
   0.14860E+02   0.50237E-34
   0.14880E+02   0.00000E+00
   0.14900E+02   0.14870E-33
   0.14920E+02  -0.14746E-17
   0.14940E+02   0.22581E-34
   0.14960E+02   0.52846E-34
   0.14980E+02   0.35257E-34
   0.15000E+02   0.00000E+00
   0.15020E+02  -0.70423E-34
   0.15040E+02   0.00000E+00
   0.15060E+02   0.44487E-34
   0.15080E+02   0.79984E-18
   0.15100E+02  -0.71521E-34
   0.15120E+02  -0.11170E-33
   0.15140E+02   0.10825E-34
   0.15160E+02   0.18034E-17
   0.15180E+02  -0.15950E-33
   0.15200E+02   0.00000E+00
   0.15220E+02  -0.19271E-34
   0.15240E+02   0.40023E-18
   0.15260E+02  -0.17864E-33
   0.15280E+02   0.31010E-34
   0.15300E+02   0.26410E-34
   0.15320E+02  -0.23079E-17
   0.15340E+02   0.37750E-34
   0.15360E+02   0.00000E+00
   0.15380E+02  -0.16149E-35
   0.15400E+02   0.27654E-17
   0.15420E+02  -0.91102E-34
   0.15440E+02  -0.60742E-34
   0.15460E+02  -0.20151E-34
   0.15480E+02   0.33124E-17
   0.15500E+02   0.32629E-17
   0.15520E+02   0.00000E+00
   0.15540E+02   0.34192E-34
   0.15560E+02  -0.66870E-18
   0.15580E+02   0.24892E-33
   0.15600E+02   0.33577E-34
   0.15620E+02  -0.47863E-34
   0.15640E+02  -0.13501E-17
   0.15660E+02  -0.18678E-33
   0.15680E+02   0.00000E+00
   0.15700E+02  -0.13148E-34
   0.15720E+02  -0.19769E-17
   0.15740E+02  -0.43307E-34
   0.15760E+02   0.65456E-34
   0.15780E+02  -0.24712E-34
   0.15800E+02  -0.39368E-17
   0.15820E+02   0.72854E-34
   0.15840E+02   0.00000E+00
   0.15860E+02   0.29119E-34
   0.15880E+02   0.11184E-17
   0.15900E+02   0.50051E-33
   0.15920E+02  -0.58157E-34
   0.15940E+02  -0.19147E-34
   0.15960E+02  -0.28183E-19
   0.15980E+02   0.67977E-34
   0.16000E+02   0.84189E-17
   0.16020E+02  -0.52616E-34
   0.16040E+02   0.55243E-18
   0.16060E+02   0.44003E-34
   0.16080E+02   0.23271E-34
   0.16100E+02  -0.22140E-33
   0.16120E+02   0.13566E-18
   0.16140E+02  -0.31249E-34
   0.16160E+02   0.00000E+00
   0.16180E+02  -0.24116E-34
   0.16200E+02   0.12730E-16
   0.16220E+02  -0.25008E-34
   0.16240E+02  -0.35441E-34
   0.16260E+02  -0.86021E-34
   0.16280E+02   0.94452E-18
   0.16300E+02   0.10798E-33
   0.16320E+02   0.00000E+00
   0.16340E+02   0.29407E-34
   0.16360E+02  -0.13210E-18
   0.16380E+02   0.60092E-34
   0.16400E+02  -0.40753E-33
   0.16420E+02  -0.11830E-33
   0.16440E+02  -0.55637E-18
   0.16460E+02  -0.35356E-34
   0.16480E+02   0.00000E+00
   0.16500E+02  -0.23218E-18
   0.16520E+02  -0.39976E-17
   0.16540E+02  -0.15601E-34
   0.16560E+02   0.94064E-34
   0.16580E+02  -0.13392E-33
   0.16600E+02  -0.12954E-16
   0.16620E+02   0.22282E-34
   0.16640E+02   0.00000E+00
   0.16660E+02  -0.18232E-33
   0.16680E+02   0.32129E-17
   0.16700E+02  -0.95480E-35
   0.16720E+02  -0.33912E-34
   0.16740E+02   0.58625E-34
   0.16760E+02  -0.40017E-18
   0.16780E+02   0.55364E-35
   0.16800E+02   0.00000E+00
   0.16820E+02   0.66627E-34
   0.16840E+02   0.25562E-17
   0.16860E+02  -0.13726E-34
   0.16880E+02   0.11009E-34
   0.16900E+02   0.73896E-33
   0.16920E+02   0.79606E-18
   0.16940E+02  -0.47948E-34
   0.16960E+02   0.00000E+00
   0.16980E+02   0.91375E-35
   0.17000E+02  -0.15888E-16
   0.17020E+02  -0.43870E-34
   0.17040E+02  -0.23829E-34
   0.17060E+02  -0.34329E-34
   0.17080E+02  -0.29723E-19
   0.17100E+02   0.38929E-33
   0.17120E+02   0.00000E+00
   0.17140E+02  -0.71198E-35
   0.17160E+02  -0.39620E-17
   0.17180E+02   0.14618E-33
   0.17200E+02  -0.10173E-33
   0.17220E+02  -0.75401E-34
   0.17240E+02  -0.20056E-18
   0.17260E+02  -0.21038E-34
   0.17280E+02   0.00000E+00
   0.17300E+02  -0.35074E-34
   0.17320E+02   0.40404E-17
   0.17340E+02  -0.87651E-34
   0.17360E+02   0.20352E-33
   0.17380E+02  -0.11923E-33
   0.17400E+02   0.14871E-16
   0.17420E+02   0.67163E-34
   0.17440E+02   0.00000E+00
   0.17460E+02  -0.78742E-34
   0.17480E+02  -0.16633E-17
   0.17500E+02   0.59165E-33
   0.17520E+02  -0.13951E-34
   0.17540E+02   0.12678E-34
   0.17560E+02  -0.89299E-18
   0.17580E+02   0.10771E-33
   0.17600E+02   0.00000E+00
   0.17620E+02  -0.13864E-35
   0.17640E+02  -0.36951E-18
   0.17660E+02   0.13293E-33
   0.17680E+02  -0.51208E-34
   0.17700E+02  -0.22506E-34
   0.17720E+02   0.16051E-17
   0.17740E+02   0.90611E-34
   0.17760E+02   0.00000E+00
   0.17780E+02  -0.28516E-34
   0.17800E+02   0.62000E-18
   0.17820E+02  -0.22068E-34
   0.17840E+02  -0.38182E-34
   0.17860E+02  -0.12930E-33
   0.17880E+02  -0.14423E-17
   0.17900E+02  -0.13654E-33
   0.17920E+02   0.00000E+00
   0.17940E+02  -0.41063E-34
   0.17960E+02  -0.13624E-17
   0.17980E+02  -0.70101E-34
   0.18000E+02  -0.78886E-33
   0.18020E+02  -0.18203E-33
   0.18040E+02   0.29052E-18
   0.18060E+02  -0.31091E-34
   0.18080E+02   0.00000E+00
   0.18100E+02  -0.73595E-34
   0.18120E+02   0.60705E-18
   0.18140E+02   0.45766E-34
   0.18160E+02  -0.82083E-33
   0.18180E+02  -0.39627E-33
   0.18200E+02   0.24171E-16
   0.18220E+02  -0.17859E-35
   0.18240E+02   0.00000E+00
   0.18260E+02  -0.23344E-33
   0.18280E+02  -0.38570E-18
   0.18300E+02   0.27172E-33
   0.18320E+02  -0.30830E-34
   0.18340E+02  -0.86630E-35
   0.18360E+02  -0.23651E-17
   0.18380E+02   0.15506E-34
   0.18400E+02   0.00000E+00
   0.18420E+02  -0.25864E-33
   0.18440E+02   0.70404E-19
   0.18460E+02   0.11661E-34
   0.18480E+02   0.89535E-34
   0.18500E+02  -0.97135E-17
   0.18520E+02   0.45387E-17
   0.18540E+02   0.14241E-34
   0.18560E+02   0.00000E+00
   0.18580E+02   0.46371E-33
   0.18600E+02   0.13002E-16
   0.18620E+02  -0.48904E-34
   0.18640E+02   0.41459E-35
   0.18660E+02   0.56946E-33
   0.18680E+02  -0.87091E-17
   0.18700E+02   0.25683E-33
   0.18720E+02   0.00000E+00
   0.18740E+02   0.10621E-33
   0.18760E+02  -0.11789E-17
   0.18780E+02  -0.12378E-34
   0.18800E+02   0.26703E-34
   0.18820E+02   0.22862E-33
   0.18840E+02   0.46129E-17
   0.18860E+02  -0.36205E-34
   0.18880E+02   0.00000E+00
   0.18900E+02  -0.86996E-35
   0.18920E+02   0.53466E-19
   0.18940E+02   0.76662E-34
   0.18960E+02  -0.14579E-33
   0.18980E+02   0.25802E-33
   0.19000E+02  -0.50000E+00
   0.19020E+02  -0.18886E-34
   0.19040E+02   0.00000E+00
   0.19060E+02   0.71945E-34
   0.19080E+02   0.17502E-19
   0.19100E+02   0.16262E-33
   0.19120E+02  -0.11228E-34
   0.19140E+02   0.18531E-34
   0.19160E+02   0.10136E-16
   0.19180E+02   0.53693E-34
   0.19200E+02   0.00000E+00
   0.19220E+02   0.28451E-34
   0.19240E+02   0.38398E-18
   0.19260E+02  -0.83383E-34
   0.19280E+02   0.53879E-34
   0.19300E+02   0.16353E-33
   0.19320E+02  -0.67588E-17
   0.19340E+02  -0.36079E-34
   0.19360E+02   0.00000E+00
   0.19380E+02   0.53435E-34
   0.19400E+02  -0.10757E-16
   0.19420E+02  -0.23209E-33
   0.19440E+02   0.62795E-35
   0.19460E+02   0.96580E-34
   0.19480E+02   0.78006E-17
   0.19500E+02  -0.32629E-17
   0.19520E+02   0.00000E+00
   0.19540E+02   0.47986E-35
   0.19560E+02  -0.12858E-17
   0.19580E+02  -0.12675E-33
   0.19600E+02  -0.34750E-33
   0.19620E+02   0.56748E-34
   0.19640E+02  -0.17285E-17
   0.19660E+02  -0.31026E-34
   0.19680E+02   0.00000E+00
   0.19700E+02  -0.65874E-35
   0.19720E+02  -0.14693E-18
   0.19740E+02  -0.17464E-33
   0.19760E+02  -0.91303E-34
   0.19780E+02   0.10171E-33
   0.19800E+02   0.41059E-17
   0.19820E+02   0.70667E-34
   0.19840E+02   0.00000E+00
   0.19860E+02   0.20033E-34
   0.19880E+02   0.46931E-18
   0.19900E+02   0.33841E-33
   0.19920E+02  -0.19777E-36
   0.19940E+02   0.28938E-34
   0.19960E+02   0.16618E-17
   0.19980E+02  -0.64737E-34
