   0.00000E+00   0.00000E+00
   0.20000E-01   0.00000E+00
   0.40000E-01   0.00000E+00
   0.60000E-01   0.00000E+00
   0.80000E-01   0.00000E+00
   0.10000E+00   0.00000E+00
   0.12000E+00   0.00000E+00
   0.14000E+00   0.00000E+00
   0.16000E+00   0.00000E+00
   0.18000E+00   0.00000E+00
   0.20000E+00   0.22204E-17
   0.22000E+00   0.00000E+00
   0.24000E+00   0.00000E+00
   0.26000E+00   0.00000E+00
   0.28000E+00   0.00000E+00
   0.30000E+00   0.00000E+00
   0.32000E+00   0.00000E+00
   0.34000E+00   0.00000E+00
   0.36000E+00   0.00000E+00
   0.38000E+00   0.00000E+00
   0.40000E+00   0.00000E+00
   0.42000E+00   0.00000E+00
   0.44000E+00   0.00000E+00
   0.46000E+00   0.00000E+00
   0.48000E+00   0.00000E+00
   0.50000E+00   0.00000E+00
   0.52000E+00   0.00000E+00
   0.54000E+00   0.00000E+00
   0.56000E+00   0.00000E+00
   0.58000E+00   0.00000E+00
   0.60000E+00   0.56056E-17
   0.62000E+00   0.00000E+00
   0.64000E+00   0.00000E+00
   0.66000E+00   0.00000E+00
   0.68000E+00   0.00000E+00
   0.70000E+00   0.00000E+00
   0.72000E+00   0.00000E+00
   0.74000E+00   0.00000E+00
   0.76000E+00   0.00000E+00
   0.78000E+00   0.00000E+00
   0.80000E+00   0.00000E+00
   0.82000E+00   0.00000E+00
   0.84000E+00   0.00000E+00
   0.86000E+00   0.00000E+00
   0.88000E+00   0.00000E+00
   0.90000E+00   0.00000E+00
   0.92000E+00   0.00000E+00
   0.94000E+00   0.00000E+00
   0.96000E+00   0.00000E+00
   0.98000E+00   0.00000E+00
   0.10000E+01   0.50000E+00
   0.10200E+01   0.00000E+00
   0.10400E+01   0.00000E+00
   0.10600E+01   0.00000E+00
   0.10800E+01   0.00000E+00
   0.11000E+01   0.00000E+00
   0.11200E+01   0.00000E+00
   0.11400E+01   0.00000E+00
   0.11600E+01   0.00000E+00
   0.11800E+01   0.00000E+00
   0.12000E+01   0.00000E+00
   0.12200E+01   0.00000E+00
   0.12400E+01   0.00000E+00
   0.12600E+01   0.00000E+00
   0.12800E+01   0.00000E+00
   0.13000E+01   0.00000E+00
   0.13200E+01   0.00000E+00
   0.13400E+01   0.00000E+00
   0.13600E+01   0.00000E+00
   0.13800E+01   0.00000E+00
   0.14000E+01  -0.14983E-16
   0.14200E+01   0.00000E+00
   0.14400E+01   0.00000E+00
   0.14600E+01   0.00000E+00
   0.14800E+01   0.00000E+00
   0.15000E+01   0.00000E+00
   0.15200E+01   0.00000E+00
   0.15400E+01   0.00000E+00
   0.15600E+01   0.00000E+00
   0.15800E+01   0.00000E+00
   0.16000E+01   0.00000E+00
   0.16200E+01   0.00000E+00
   0.16400E+01   0.00000E+00
   0.16600E+01   0.00000E+00
   0.16800E+01   0.00000E+00
   0.17000E+01   0.00000E+00
   0.17200E+01   0.00000E+00
   0.17400E+01   0.00000E+00
   0.17600E+01   0.00000E+00
   0.17800E+01   0.00000E+00
   0.18000E+01  -0.20028E-16
   0.18200E+01   0.00000E+00
   0.18400E+01   0.00000E+00
   0.18600E+01   0.00000E+00
   0.18800E+01   0.00000E+00
   0.19000E+01   0.00000E+00
   0.19200E+01   0.00000E+00
   0.19400E+01   0.00000E+00
   0.19600E+01   0.00000E+00
   0.19800E+01   0.00000E+00
   0.20000E+01   0.00000E+00
   0.20200E+01   0.00000E+00
   0.20400E+01   0.00000E+00
   0.20600E+01   0.00000E+00
   0.20800E+01   0.00000E+00
   0.21000E+01   0.00000E+00
   0.21200E+01   0.00000E+00
   0.21400E+01   0.00000E+00
   0.21600E+01   0.00000E+00
   0.21800E+01   0.00000E+00
   0.22000E+01  -0.17975E-16
   0.22200E+01   0.00000E+00
   0.22400E+01   0.00000E+00
   0.22600E+01   0.00000E+00
   0.22800E+01   0.00000E+00
   0.23000E+01   0.00000E+00
   0.23200E+01   0.00000E+00
   0.23400E+01   0.00000E+00
   0.23600E+01   0.00000E+00
   0.23800E+01   0.00000E+00
   0.24000E+01   0.00000E+00
   0.24200E+01   0.00000E+00
   0.24400E+01   0.00000E+00
   0.24600E+01   0.00000E+00
   0.24800E+01   0.00000E+00
   0.25000E+01   0.00000E+00
   0.25200E+01   0.00000E+00
   0.25400E+01   0.00000E+00
   0.25600E+01   0.00000E+00
   0.25800E+01   0.00000E+00
   0.26000E+01  -0.41238E-17
   0.26200E+01   0.00000E+00
   0.26400E+01   0.00000E+00
   0.26600E+01   0.00000E+00
   0.26800E+01   0.00000E+00
   0.27000E+01   0.00000E+00
   0.27200E+01   0.00000E+00
   0.27400E+01   0.00000E+00
   0.27600E+01   0.00000E+00
   0.27800E+01   0.00000E+00
   0.28000E+01   0.00000E+00
   0.28200E+01   0.00000E+00
   0.28400E+01   0.00000E+00
   0.28600E+01   0.00000E+00
   0.28800E+01   0.00000E+00
   0.29000E+01   0.00000E+00
   0.29200E+01   0.00000E+00
   0.29400E+01   0.00000E+00
   0.29600E+01   0.00000E+00
   0.29800E+01   0.00000E+00
   0.30000E+01   0.00000E+00
   0.30200E+01   0.00000E+00
   0.30400E+01   0.00000E+00
   0.30600E+01   0.00000E+00
   0.30800E+01   0.00000E+00
   0.31000E+01   0.00000E+00
   0.31200E+01   0.00000E+00
   0.31400E+01   0.00000E+00
   0.31600E+01   0.00000E+00
   0.31800E+01   0.00000E+00
   0.32000E+01   0.00000E+00
   0.32200E+01   0.00000E+00
   0.32400E+01   0.00000E+00
   0.32600E+01   0.00000E+00
   0.32800E+01   0.00000E+00
   0.33000E+01   0.00000E+00
   0.33200E+01   0.00000E+00
   0.33400E+01   0.00000E+00
   0.33600E+01   0.00000E+00
   0.33800E+01   0.00000E+00
   0.34000E+01   0.18205E-16
   0.34200E+01   0.00000E+00
   0.34400E+01   0.00000E+00
   0.34600E+01   0.00000E+00
   0.34800E+01   0.00000E+00
   0.35000E+01   0.00000E+00
   0.35200E+01   0.00000E+00
   0.35400E+01   0.00000E+00
   0.35600E+01   0.00000E+00
   0.35800E+01   0.00000E+00
   0.36000E+01   0.00000E+00
   0.36200E+01   0.00000E+00
   0.36400E+01   0.00000E+00
   0.36600E+01   0.00000E+00
   0.36800E+01   0.00000E+00
   0.37000E+01   0.00000E+00
   0.37200E+01   0.00000E+00
   0.37400E+01   0.00000E+00
   0.37600E+01   0.00000E+00
   0.37800E+01   0.00000E+00
   0.38000E+01   0.28975E-16
   0.38200E+01   0.00000E+00
   0.38400E+01   0.00000E+00
   0.38600E+01   0.00000E+00
   0.38800E+01   0.00000E+00
   0.39000E+01   0.00000E+00
   0.39200E+01   0.00000E+00
   0.39400E+01   0.00000E+00
   0.39600E+01   0.00000E+00
   0.39800E+01   0.00000E+00
   0.40000E+01   0.00000E+00
   0.40200E+01   0.00000E+00
   0.40400E+01   0.00000E+00
   0.40600E+01   0.00000E+00
   0.40800E+01   0.00000E+00
   0.41000E+01   0.00000E+00
   0.41200E+01   0.00000E+00
   0.41400E+01   0.00000E+00
   0.41600E+01   0.00000E+00
   0.41800E+01   0.00000E+00
   0.42000E+01   0.14003E-16
   0.42200E+01   0.00000E+00
   0.42400E+01   0.00000E+00
   0.42600E+01   0.00000E+00
   0.42800E+01   0.00000E+00
   0.43000E+01   0.00000E+00
   0.43200E+01   0.00000E+00
   0.43400E+01   0.00000E+00
   0.43600E+01   0.00000E+00
   0.43800E+01   0.00000E+00
   0.44000E+01   0.00000E+00
   0.44200E+01   0.00000E+00
   0.44400E+01   0.00000E+00
   0.44600E+01   0.00000E+00
   0.44800E+01   0.00000E+00
   0.45000E+01   0.00000E+00
   0.45200E+01   0.00000E+00
   0.45400E+01   0.00000E+00
   0.45600E+01   0.00000E+00
   0.45800E+01   0.00000E+00
   0.46000E+01   0.18521E-16
   0.46200E+01   0.00000E+00
   0.46400E+01   0.00000E+00
   0.46600E+01   0.00000E+00
   0.46800E+01   0.00000E+00
   0.47000E+01   0.00000E+00
   0.47200E+01   0.00000E+00
   0.47400E+01   0.00000E+00
   0.47600E+01   0.00000E+00
   0.47800E+01   0.00000E+00
   0.48000E+01   0.00000E+00
   0.48200E+01   0.00000E+00
   0.48400E+01   0.00000E+00
   0.48600E+01   0.00000E+00
   0.48800E+01   0.00000E+00
   0.49000E+01   0.00000E+00
   0.49200E+01   0.00000E+00
   0.49400E+01   0.00000E+00
   0.49600E+01   0.00000E+00
   0.49800E+01   0.00000E+00
   0.50000E+01   0.24576E-16
   0.50200E+01   0.00000E+00
   0.50400E+01   0.00000E+00
   0.50600E+01   0.00000E+00
   0.50800E+01   0.00000E+00
   0.51000E+01   0.00000E+00
   0.51200E+01   0.00000E+00
   0.51400E+01   0.00000E+00
   0.51600E+01   0.00000E+00
   0.51800E+01   0.00000E+00
   0.52000E+01   0.00000E+00
   0.52200E+01   0.00000E+00
   0.52400E+01   0.00000E+00
   0.52600E+01   0.00000E+00
   0.52800E+01   0.00000E+00
   0.53000E+01   0.00000E+00
   0.53200E+01   0.00000E+00
   0.53400E+01   0.00000E+00
   0.53600E+01   0.00000E+00
   0.53800E+01   0.00000E+00
   0.54000E+01   0.87538E-17
   0.54200E+01   0.00000E+00
   0.54400E+01   0.00000E+00
   0.54600E+01   0.00000E+00
   0.54800E+01   0.00000E+00
   0.55000E+01   0.00000E+00
   0.55200E+01   0.00000E+00
   0.55400E+01   0.00000E+00
   0.55600E+01   0.00000E+00
   0.55800E+01   0.00000E+00
   0.56000E+01   0.00000E+00
   0.56200E+01   0.00000E+00
   0.56400E+01   0.00000E+00
   0.56600E+01   0.00000E+00
   0.56800E+01   0.00000E+00
   0.57000E+01   0.00000E+00
   0.57200E+01   0.00000E+00
   0.57400E+01   0.00000E+00
   0.57600E+01   0.00000E+00
   0.57800E+01   0.00000E+00
   0.58000E+01  -0.33374E-16
   0.58200E+01   0.00000E+00
   0.58400E+01   0.00000E+00
   0.58600E+01   0.00000E+00
   0.58800E+01   0.00000E+00
   0.59000E+01   0.00000E+00
   0.59200E+01   0.00000E+00
   0.59400E+01   0.00000E+00
   0.59600E+01   0.00000E+00
   0.59800E+01   0.00000E+00
   0.60000E+01   0.00000E+00
   0.60200E+01   0.00000E+00
   0.60400E+01   0.00000E+00
   0.60600E+01   0.00000E+00
   0.60800E+01   0.00000E+00
   0.61000E+01   0.00000E+00
   0.61200E+01   0.00000E+00
   0.61400E+01   0.00000E+00
   0.61600E+01   0.00000E+00
   0.61800E+01   0.00000E+00
   0.62000E+01   0.89425E-17
   0.62200E+01   0.00000E+00
   0.62400E+01   0.00000E+00
   0.62600E+01   0.00000E+00
   0.62800E+01   0.00000E+00
   0.63000E+01   0.00000E+00
   0.63200E+01   0.00000E+00
   0.63400E+01   0.00000E+00
   0.63600E+01   0.00000E+00
   0.63800E+01   0.00000E+00
   0.64000E+01   0.00000E+00
   0.64200E+01   0.00000E+00
   0.64400E+01   0.00000E+00
   0.64600E+01   0.00000E+00
   0.64800E+01   0.00000E+00
   0.65000E+01   0.00000E+00
   0.65200E+01   0.00000E+00
   0.65400E+01   0.00000E+00
   0.65600E+01   0.00000E+00
   0.65800E+01   0.00000E+00
   0.66000E+01  -0.86594E-17
   0.66200E+01   0.00000E+00
   0.66400E+01   0.00000E+00
   0.66600E+01   0.00000E+00
   0.66800E+01   0.00000E+00
   0.67000E+01   0.00000E+00
   0.67200E+01   0.00000E+00
   0.67400E+01   0.00000E+00
   0.67600E+01   0.00000E+00
   0.67800E+01   0.00000E+00
   0.68000E+01   0.00000E+00
   0.68200E+01   0.00000E+00
   0.68400E+01   0.00000E+00
   0.68600E+01   0.00000E+00
   0.68800E+01   0.00000E+00
   0.69000E+01   0.00000E+00
   0.69200E+01   0.00000E+00
   0.69400E+01   0.00000E+00
   0.69600E+01   0.00000E+00
   0.69800E+01   0.00000E+00
   0.70000E+01  -0.14211E-16
   0.70200E+01   0.00000E+00
   0.70400E+01   0.00000E+00
   0.70600E+01   0.00000E+00
   0.70800E+01   0.00000E+00
   0.71000E+01   0.00000E+00
   0.71200E+01   0.00000E+00
   0.71400E+01   0.00000E+00
   0.71600E+01   0.00000E+00
   0.71800E+01   0.00000E+00
   0.72000E+01   0.00000E+00
   0.72200E+01   0.00000E+00
   0.72400E+01   0.00000E+00
   0.72600E+01   0.00000E+00
   0.72800E+01   0.00000E+00
   0.73000E+01   0.00000E+00
   0.73200E+01   0.00000E+00
   0.73400E+01   0.00000E+00
   0.73600E+01   0.00000E+00
   0.73800E+01   0.00000E+00
   0.74000E+01   0.10364E-16
   0.74200E+01   0.00000E+00
   0.74400E+01   0.00000E+00
   0.74600E+01   0.00000E+00
   0.74800E+01   0.00000E+00
   0.75000E+01   0.00000E+00
   0.75200E+01   0.00000E+00
   0.75400E+01   0.00000E+00
   0.75600E+01   0.00000E+00
   0.75800E+01   0.00000E+00
   0.76000E+01   0.00000E+00
   0.76200E+01   0.00000E+00
   0.76400E+01   0.00000E+00
   0.76600E+01   0.00000E+00
   0.76800E+01   0.00000E+00
   0.77000E+01   0.00000E+00
   0.77200E+01   0.00000E+00
   0.77400E+01   0.00000E+00
   0.77600E+01   0.00000E+00
   0.77800E+01   0.00000E+00
   0.78000E+01   0.29378E-16
   0.78200E+01   0.00000E+00
   0.78400E+01   0.00000E+00
   0.78600E+01   0.00000E+00
   0.78800E+01   0.00000E+00
   0.79000E+01   0.00000E+00
   0.79200E+01   0.00000E+00
   0.79400E+01   0.00000E+00
   0.79600E+01   0.00000E+00
   0.79800E+01   0.00000E+00
   0.80000E+01   0.00000E+00
   0.80200E+01   0.00000E+00
   0.80400E+01   0.00000E+00
   0.80600E+01   0.00000E+00
   0.80800E+01   0.00000E+00
   0.81000E+01   0.00000E+00
   0.81200E+01   0.00000E+00
   0.81400E+01   0.00000E+00
   0.81600E+01   0.00000E+00
   0.81800E+01   0.00000E+00
   0.82000E+01   0.13513E-16
   0.82200E+01   0.00000E+00
   0.82400E+01   0.00000E+00
   0.82600E+01   0.00000E+00
   0.82800E+01   0.00000E+00
   0.83000E+01   0.00000E+00
   0.83200E+01   0.00000E+00
   0.83400E+01   0.00000E+00
   0.83600E+01   0.00000E+00
   0.83800E+01   0.00000E+00
   0.84000E+01   0.00000E+00
   0.84200E+01   0.00000E+00
   0.84400E+01   0.00000E+00
   0.84600E+01   0.00000E+00
   0.84800E+01   0.00000E+00
   0.85000E+01   0.00000E+00
   0.85200E+01   0.00000E+00
   0.85400E+01   0.00000E+00
   0.85600E+01   0.00000E+00
   0.85800E+01   0.00000E+00
   0.86000E+01  -0.26129E-16
   0.86200E+01   0.00000E+00
   0.86400E+01   0.00000E+00
   0.86600E+01   0.00000E+00
   0.86800E+01   0.00000E+00
   0.87000E+01   0.00000E+00
   0.87200E+01   0.00000E+00
   0.87400E+01   0.00000E+00
   0.87600E+01   0.00000E+00
   0.87800E+01   0.00000E+00
   0.88000E+01   0.00000E+00
   0.88200E+01   0.00000E+00
   0.88400E+01   0.00000E+00
   0.88600E+01   0.00000E+00
   0.88800E+01   0.00000E+00
   0.89000E+01   0.00000E+00
   0.89200E+01   0.00000E+00
   0.89400E+01   0.00000E+00
   0.89600E+01   0.00000E+00
   0.89800E+01   0.00000E+00
   0.90000E+01   0.53354E-16
   0.90200E+01   0.00000E+00
   0.90400E+01   0.00000E+00
   0.90600E+01   0.00000E+00
   0.90800E+01   0.00000E+00
   0.91000E+01   0.00000E+00
   0.91200E+01   0.00000E+00
   0.91400E+01   0.00000E+00
   0.91600E+01   0.00000E+00
   0.91800E+01   0.00000E+00
   0.92000E+01   0.00000E+00
   0.92200E+01   0.00000E+00
   0.92400E+01   0.00000E+00
   0.92600E+01   0.00000E+00
   0.92800E+01   0.00000E+00
   0.93000E+01   0.00000E+00
   0.93200E+01   0.00000E+00
   0.93400E+01   0.00000E+00
   0.93600E+01   0.00000E+00
   0.93800E+01   0.00000E+00
   0.94000E+01  -0.24077E-16
   0.94200E+01   0.00000E+00
   0.94400E+01   0.00000E+00
   0.94600E+01   0.00000E+00
   0.94800E+01   0.00000E+00
   0.95000E+01   0.00000E+00
   0.95200E+01   0.00000E+00
   0.95400E+01   0.00000E+00
   0.95600E+01   0.00000E+00
   0.95800E+01   0.00000E+00
   0.96000E+01   0.00000E+00
   0.96200E+01   0.00000E+00
   0.96400E+01   0.00000E+00
   0.96600E+01   0.00000E+00
   0.96800E+01   0.00000E+00
   0.97000E+01   0.00000E+00
   0.97200E+01   0.00000E+00
   0.97400E+01   0.00000E+00
   0.97600E+01   0.00000E+00
   0.97800E+01   0.00000E+00
   0.98000E+01  -0.62000E-17
   0.98200E+01   0.00000E+00
   0.98400E+01   0.00000E+00
   0.98600E+01   0.00000E+00
   0.98800E+01   0.00000E+00
   0.99000E+01   0.00000E+00
   0.99200E+01   0.00000E+00
   0.99400E+01   0.00000E+00
   0.99600E+01   0.00000E+00
   0.99800E+01   0.00000E+00
   0.10000E+02   0.00000E+00
   0.10020E+02   0.00000E+00
   0.10040E+02   0.00000E+00
   0.10060E+02   0.00000E+00
   0.10080E+02   0.00000E+00
   0.10100E+02   0.00000E+00
   0.10120E+02   0.00000E+00
   0.10140E+02   0.00000E+00
   0.10160E+02   0.00000E+00
   0.10180E+02   0.00000E+00
   0.10200E+02  -0.17319E-16
   0.10220E+02   0.00000E+00
   0.10240E+02   0.00000E+00
   0.10260E+02   0.00000E+00
   0.10280E+02   0.00000E+00
   0.10300E+02   0.00000E+00
   0.10320E+02   0.00000E+00
   0.10340E+02   0.00000E+00
   0.10360E+02   0.00000E+00
   0.10380E+02   0.00000E+00
   0.10400E+02   0.00000E+00
   0.10420E+02   0.00000E+00
   0.10440E+02   0.00000E+00
   0.10460E+02   0.00000E+00
   0.10480E+02   0.00000E+00
   0.10500E+02   0.00000E+00
   0.10520E+02   0.00000E+00
   0.10540E+02   0.00000E+00
   0.10560E+02   0.00000E+00
   0.10580E+02   0.00000E+00
   0.10600E+02   0.27792E-16
   0.10620E+02   0.00000E+00
   0.10640E+02   0.00000E+00
   0.10660E+02   0.00000E+00
   0.10680E+02   0.00000E+00
   0.10700E+02   0.00000E+00
   0.10720E+02   0.00000E+00
   0.10740E+02   0.00000E+00
   0.10760E+02   0.00000E+00
   0.10780E+02   0.00000E+00
   0.10800E+02   0.00000E+00
   0.10820E+02   0.00000E+00
   0.10840E+02   0.00000E+00
   0.10860E+02   0.00000E+00
   0.10880E+02   0.00000E+00
   0.10900E+02   0.00000E+00
   0.10920E+02   0.00000E+00
   0.10940E+02   0.00000E+00
   0.10960E+02   0.00000E+00
   0.10980E+02   0.00000E+00
   0.11000E+02  -0.42633E-16
   0.11020E+02   0.00000E+00
   0.11040E+02   0.00000E+00
   0.11060E+02   0.00000E+00
   0.11080E+02   0.00000E+00
   0.11100E+02   0.00000E+00
   0.11120E+02   0.00000E+00
   0.11140E+02   0.00000E+00
   0.11160E+02   0.00000E+00
   0.11180E+02   0.00000E+00
   0.11200E+02   0.00000E+00
   0.11220E+02   0.00000E+00
   0.11240E+02   0.00000E+00
   0.11260E+02   0.00000E+00
   0.11280E+02   0.00000E+00
   0.11300E+02   0.00000E+00
   0.11320E+02   0.00000E+00
   0.11340E+02   0.00000E+00
   0.11360E+02   0.00000E+00
   0.11380E+02   0.00000E+00
   0.11400E+02   0.21229E-16
   0.11420E+02   0.00000E+00
   0.11440E+02   0.00000E+00
   0.11460E+02   0.00000E+00
   0.11480E+02   0.00000E+00
   0.11500E+02   0.00000E+00
   0.11520E+02   0.00000E+00
   0.11540E+02   0.00000E+00
   0.11560E+02   0.00000E+00
   0.11580E+02   0.00000E+00
   0.11600E+02   0.00000E+00
   0.11620E+02   0.00000E+00
   0.11640E+02   0.00000E+00
   0.11660E+02   0.00000E+00
   0.11680E+02   0.00000E+00
   0.11700E+02   0.00000E+00
   0.11720E+02   0.00000E+00
   0.11740E+02   0.00000E+00
   0.11760E+02   0.00000E+00
   0.11780E+02   0.00000E+00
   0.11800E+02  -0.22548E-17
   0.11820E+02   0.00000E+00
   0.11840E+02   0.00000E+00
   0.11860E+02   0.00000E+00
   0.11880E+02   0.00000E+00
   0.11900E+02   0.00000E+00
   0.11920E+02   0.00000E+00
   0.11940E+02   0.00000E+00
   0.11960E+02   0.00000E+00
   0.11980E+02   0.00000E+00
   0.12000E+02   0.00000E+00
   0.12020E+02   0.00000E+00
   0.12040E+02   0.00000E+00
   0.12060E+02   0.00000E+00
   0.12080E+02   0.00000E+00
   0.12100E+02   0.00000E+00
   0.12120E+02   0.00000E+00
   0.12140E+02   0.00000E+00
   0.12160E+02   0.00000E+00
   0.12180E+02   0.00000E+00
   0.12200E+02  -0.14127E-16
   0.12220E+02   0.00000E+00
   0.12240E+02   0.00000E+00
   0.12260E+02   0.00000E+00
   0.12280E+02   0.00000E+00
   0.12300E+02   0.00000E+00
   0.12320E+02   0.00000E+00
   0.12340E+02   0.00000E+00
   0.12360E+02   0.00000E+00
   0.12380E+02   0.00000E+00
   0.12400E+02   0.00000E+00
   0.12420E+02   0.00000E+00
   0.12440E+02   0.00000E+00
   0.12460E+02   0.00000E+00
   0.12480E+02   0.00000E+00
   0.12500E+02   0.00000E+00
   0.12520E+02   0.00000E+00
   0.12540E+02   0.00000E+00
   0.12560E+02   0.00000E+00
   0.12580E+02   0.00000E+00
   0.12600E+02  -0.21166E-17
   0.12620E+02   0.00000E+00
   0.12640E+02   0.00000E+00
   0.12660E+02   0.00000E+00
   0.12680E+02   0.00000E+00
   0.12700E+02   0.00000E+00
   0.12720E+02   0.00000E+00
   0.12740E+02   0.00000E+00
   0.12760E+02   0.00000E+00
   0.12780E+02   0.00000E+00
   0.12800E+02   0.00000E+00
   0.12820E+02   0.00000E+00
   0.12840E+02   0.00000E+00
   0.12860E+02   0.00000E+00
   0.12880E+02   0.00000E+00
   0.12900E+02   0.00000E+00
   0.12920E+02   0.00000E+00
   0.12940E+02   0.00000E+00
   0.12960E+02   0.00000E+00
   0.12980E+02   0.00000E+00
   0.13000E+02   0.38620E-16
   0.13020E+02   0.00000E+00
   0.13040E+02   0.00000E+00
   0.13060E+02   0.00000E+00
   0.13080E+02   0.00000E+00
   0.13100E+02   0.00000E+00
   0.13120E+02   0.00000E+00
   0.13140E+02   0.00000E+00
   0.13160E+02   0.00000E+00
   0.13180E+02   0.00000E+00
   0.13200E+02   0.00000E+00
   0.13220E+02   0.00000E+00
   0.13240E+02   0.00000E+00
   0.13260E+02   0.00000E+00
   0.13280E+02   0.00000E+00
   0.13300E+02   0.00000E+00
   0.13320E+02   0.00000E+00
   0.13340E+02   0.00000E+00
   0.13360E+02   0.00000E+00
   0.13380E+02   0.00000E+00
   0.13400E+02   0.52245E-17
   0.13420E+02   0.00000E+00
   0.13440E+02   0.00000E+00
   0.13460E+02   0.00000E+00
   0.13480E+02   0.00000E+00
   0.13500E+02   0.00000E+00
   0.13520E+02   0.00000E+00
   0.13540E+02   0.00000E+00
   0.13560E+02   0.00000E+00
   0.13580E+02   0.00000E+00
   0.13600E+02   0.00000E+00
   0.13620E+02   0.00000E+00
   0.13640E+02   0.00000E+00
   0.13660E+02   0.00000E+00
   0.13680E+02   0.00000E+00
   0.13700E+02   0.00000E+00
   0.13720E+02   0.00000E+00
   0.13740E+02   0.00000E+00
   0.13760E+02   0.00000E+00
   0.13780E+02   0.00000E+00
   0.13800E+02  -0.10644E-16
   0.13820E+02   0.00000E+00
   0.13840E+02   0.00000E+00
   0.13860E+02   0.00000E+00
   0.13880E+02   0.00000E+00
   0.13900E+02   0.00000E+00
   0.13920E+02   0.00000E+00
   0.13940E+02   0.00000E+00
   0.13960E+02   0.00000E+00
   0.13980E+02   0.00000E+00
   0.14000E+02   0.00000E+00
   0.14020E+02   0.00000E+00
   0.14040E+02   0.00000E+00
   0.14060E+02   0.00000E+00
   0.14080E+02   0.00000E+00
   0.14100E+02   0.00000E+00
   0.14120E+02   0.00000E+00
   0.14140E+02   0.00000E+00
   0.14160E+02   0.00000E+00
   0.14180E+02   0.00000E+00
   0.14200E+02   0.25039E-16
   0.14220E+02   0.00000E+00
   0.14240E+02   0.00000E+00
   0.14260E+02   0.00000E+00
   0.14280E+02   0.00000E+00
   0.14300E+02   0.00000E+00
   0.14320E+02   0.00000E+00
   0.14340E+02   0.00000E+00
   0.14360E+02   0.00000E+00
   0.14380E+02   0.00000E+00
   0.14400E+02   0.00000E+00
   0.14420E+02   0.00000E+00
   0.14440E+02   0.00000E+00
   0.14460E+02   0.00000E+00
   0.14480E+02   0.00000E+00
   0.14500E+02   0.00000E+00
   0.14520E+02   0.00000E+00
   0.14540E+02   0.00000E+00
   0.14560E+02   0.00000E+00
   0.14580E+02   0.00000E+00
   0.14600E+02  -0.84866E-17
   0.14620E+02   0.00000E+00
   0.14640E+02   0.00000E+00
   0.14660E+02   0.00000E+00
   0.14680E+02   0.00000E+00
   0.14700E+02   0.00000E+00
   0.14720E+02   0.00000E+00
   0.14740E+02   0.00000E+00
   0.14760E+02   0.00000E+00
   0.14780E+02   0.00000E+00
   0.14800E+02   0.00000E+00
   0.14820E+02   0.00000E+00
   0.14840E+02   0.00000E+00
   0.14860E+02   0.00000E+00
   0.14880E+02   0.00000E+00
   0.14900E+02   0.00000E+00
   0.14920E+02   0.00000E+00
   0.14940E+02   0.00000E+00
   0.14960E+02   0.00000E+00
   0.14980E+02   0.00000E+00
   0.15000E+02   0.42633E-16
   0.15020E+02   0.00000E+00
   0.15040E+02   0.00000E+00
   0.15060E+02   0.00000E+00
   0.15080E+02   0.00000E+00
   0.15100E+02   0.00000E+00
   0.15120E+02   0.00000E+00
   0.15140E+02   0.00000E+00
   0.15160E+02   0.00000E+00
   0.15180E+02   0.00000E+00
   0.15200E+02   0.00000E+00
   0.15220E+02   0.00000E+00
   0.15240E+02   0.00000E+00
   0.15260E+02   0.00000E+00
   0.15280E+02   0.00000E+00
   0.15300E+02   0.00000E+00
   0.15320E+02   0.00000E+00
   0.15340E+02   0.00000E+00
   0.15360E+02   0.00000E+00
   0.15380E+02   0.00000E+00
   0.15400E+02  -0.20775E-16
   0.15420E+02   0.00000E+00
   0.15440E+02   0.00000E+00
   0.15460E+02   0.00000E+00
   0.15480E+02   0.00000E+00
   0.15500E+02   0.00000E+00
   0.15520E+02   0.00000E+00
   0.15540E+02   0.00000E+00
   0.15560E+02   0.00000E+00
   0.15580E+02   0.00000E+00
   0.15600E+02   0.00000E+00
   0.15620E+02   0.00000E+00
   0.15640E+02   0.00000E+00
   0.15660E+02   0.00000E+00
   0.15680E+02   0.00000E+00
   0.15700E+02   0.00000E+00
   0.15720E+02   0.00000E+00
   0.15740E+02   0.00000E+00
   0.15760E+02   0.00000E+00
   0.15780E+02   0.00000E+00
   0.15800E+02  -0.73501E-17
   0.15820E+02   0.00000E+00
   0.15840E+02   0.00000E+00
   0.15860E+02   0.00000E+00
   0.15880E+02   0.00000E+00
   0.15900E+02   0.00000E+00
   0.15920E+02   0.00000E+00
   0.15940E+02   0.00000E+00
   0.15960E+02   0.00000E+00
   0.15980E+02   0.00000E+00
   0.16000E+02   0.00000E+00
   0.16020E+02   0.00000E+00
   0.16040E+02   0.00000E+00
   0.16060E+02   0.00000E+00
   0.16080E+02   0.00000E+00
   0.16100E+02   0.00000E+00
   0.16120E+02   0.00000E+00
   0.16140E+02   0.00000E+00
   0.16160E+02   0.00000E+00
   0.16180E+02   0.00000E+00
   0.16200E+02  -0.15609E-16
   0.16220E+02   0.00000E+00
   0.16240E+02   0.00000E+00
   0.16260E+02   0.00000E+00
   0.16280E+02   0.00000E+00
   0.16300E+02   0.00000E+00
   0.16320E+02   0.00000E+00
   0.16340E+02   0.00000E+00
   0.16360E+02   0.00000E+00
   0.16380E+02   0.00000E+00
   0.16400E+02   0.00000E+00
   0.16420E+02   0.00000E+00
   0.16440E+02   0.00000E+00
   0.16460E+02   0.00000E+00
   0.16480E+02   0.00000E+00
   0.16500E+02   0.00000E+00
   0.16520E+02   0.00000E+00
   0.16540E+02   0.00000E+00
   0.16560E+02   0.00000E+00
   0.16580E+02   0.00000E+00
   0.16600E+02  -0.13644E-16
   0.16620E+02   0.00000E+00
   0.16640E+02   0.00000E+00
   0.16660E+02   0.00000E+00
   0.16680E+02   0.00000E+00
   0.16700E+02   0.00000E+00
   0.16720E+02   0.00000E+00
   0.16740E+02   0.00000E+00
   0.16760E+02   0.00000E+00
   0.16780E+02   0.00000E+00
   0.16800E+02   0.00000E+00
   0.16820E+02   0.00000E+00
   0.16840E+02   0.00000E+00
   0.16860E+02   0.00000E+00
   0.16880E+02   0.00000E+00
   0.16900E+02   0.00000E+00
   0.16920E+02   0.00000E+00
   0.16940E+02   0.00000E+00
   0.16960E+02   0.00000E+00
   0.16980E+02   0.00000E+00
   0.17000E+02  -0.59707E-16
   0.17020E+02   0.00000E+00
   0.17040E+02   0.00000E+00
   0.17060E+02   0.00000E+00
   0.17080E+02   0.00000E+00
   0.17100E+02   0.00000E+00
   0.17120E+02   0.00000E+00
   0.17140E+02   0.00000E+00
   0.17160E+02   0.00000E+00
   0.17180E+02   0.00000E+00
   0.17200E+02   0.00000E+00
   0.17220E+02   0.00000E+00
   0.17240E+02   0.00000E+00
   0.17260E+02   0.00000E+00
   0.17280E+02   0.00000E+00
   0.17300E+02   0.00000E+00
   0.17320E+02   0.00000E+00
   0.17340E+02   0.00000E+00
   0.17360E+02   0.00000E+00
   0.17380E+02   0.00000E+00
   0.17400E+02  -0.10445E-16
   0.17420E+02   0.00000E+00
   0.17440E+02   0.00000E+00
   0.17460E+02   0.00000E+00
   0.17480E+02   0.00000E+00
   0.17500E+02   0.00000E+00
   0.17520E+02   0.00000E+00
   0.17540E+02   0.00000E+00
   0.17560E+02   0.00000E+00
   0.17580E+02   0.00000E+00
   0.17600E+02   0.00000E+00
   0.17620E+02   0.00000E+00
   0.17640E+02   0.00000E+00
   0.17660E+02   0.00000E+00
   0.17680E+02   0.00000E+00
   0.17700E+02   0.00000E+00
   0.17720E+02   0.00000E+00
   0.17740E+02   0.00000E+00
   0.17760E+02   0.00000E+00
   0.17780E+02   0.00000E+00
   0.17800E+02   0.16955E-16
   0.17820E+02   0.00000E+00
   0.17840E+02   0.00000E+00
   0.17860E+02   0.00000E+00
   0.17880E+02   0.00000E+00
   0.17900E+02   0.00000E+00
   0.17920E+02   0.00000E+00
   0.17940E+02   0.00000E+00
   0.17960E+02   0.00000E+00
   0.17980E+02   0.00000E+00
   0.18000E+02   0.00000E+00
   0.18020E+02   0.00000E+00
   0.18040E+02   0.00000E+00
   0.18060E+02   0.00000E+00
   0.18080E+02   0.00000E+00
   0.18100E+02   0.00000E+00
   0.18120E+02   0.00000E+00
   0.18140E+02   0.00000E+00
   0.18160E+02   0.00000E+00
   0.18180E+02   0.00000E+00
   0.18200E+02   0.13125E-17
   0.18220E+02   0.00000E+00
   0.18240E+02   0.00000E+00
   0.18260E+02   0.00000E+00
   0.18280E+02   0.00000E+00
   0.18300E+02   0.00000E+00
   0.18320E+02   0.00000E+00
   0.18340E+02   0.00000E+00
   0.18360E+02   0.00000E+00
   0.18380E+02   0.00000E+00
   0.18400E+02   0.00000E+00
   0.18420E+02   0.00000E+00
   0.18440E+02   0.00000E+00
   0.18460E+02   0.00000E+00
   0.18480E+02   0.00000E+00
   0.18500E+02   0.00000E+00
   0.18520E+02   0.00000E+00
   0.18540E+02   0.00000E+00
   0.18560E+02   0.00000E+00
   0.18580E+02   0.00000E+00
   0.18600E+02   0.11242E-16
   0.18620E+02   0.00000E+00
   0.18640E+02   0.00000E+00
   0.18660E+02   0.00000E+00
   0.18680E+02   0.00000E+00
   0.18700E+02   0.00000E+00
   0.18720E+02   0.00000E+00
   0.18740E+02   0.00000E+00
   0.18760E+02   0.00000E+00
   0.18780E+02   0.00000E+00
   0.18800E+02   0.00000E+00
   0.18820E+02   0.00000E+00
   0.18840E+02   0.00000E+00
   0.18860E+02   0.00000E+00
   0.18880E+02   0.00000E+00
   0.18900E+02   0.00000E+00
   0.18920E+02   0.00000E+00
   0.18940E+02   0.00000E+00
   0.18960E+02   0.00000E+00
   0.18980E+02   0.00000E+00
   0.19000E+02  -0.50000E+00
   0.19020E+02   0.00000E+00
   0.19040E+02   0.00000E+00
   0.19060E+02   0.00000E+00
   0.19080E+02   0.00000E+00
   0.19100E+02   0.00000E+00
   0.19120E+02   0.00000E+00
   0.19140E+02   0.00000E+00
   0.19160E+02   0.00000E+00
   0.19180E+02   0.00000E+00
   0.19200E+02   0.00000E+00
   0.19220E+02   0.00000E+00
   0.19240E+02   0.00000E+00
   0.19260E+02   0.00000E+00
   0.19280E+02   0.00000E+00
   0.19300E+02   0.00000E+00
   0.19320E+02   0.00000E+00
   0.19340E+02   0.00000E+00
   0.19360E+02   0.00000E+00
   0.19380E+02   0.00000E+00
   0.19400E+02   0.65035E-17
   0.19420E+02   0.00000E+00
   0.19440E+02   0.00000E+00
   0.19460E+02   0.00000E+00
   0.19480E+02   0.00000E+00
   0.19500E+02   0.00000E+00
   0.19520E+02   0.00000E+00
   0.19540E+02   0.00000E+00
   0.19560E+02   0.00000E+00
   0.19580E+02   0.00000E+00
   0.19600E+02   0.00000E+00
   0.19620E+02   0.00000E+00
   0.19640E+02   0.00000E+00
   0.19660E+02   0.00000E+00
   0.19680E+02   0.00000E+00
   0.19700E+02   0.00000E+00
   0.19720E+02   0.00000E+00
   0.19740E+02   0.00000E+00
   0.19760E+02   0.00000E+00
   0.19780E+02   0.00000E+00
   0.19800E+02   0.45422E-17
   0.19820E+02   0.00000E+00
   0.19840E+02   0.00000E+00
   0.19860E+02   0.00000E+00
   0.19880E+02   0.00000E+00
   0.19900E+02   0.00000E+00
   0.19920E+02   0.00000E+00
   0.19940E+02   0.00000E+00
   0.19960E+02   0.00000E+00
   0.19980E+02   0.00000E+00
