      0.5000000000E-01      0.2182593356E+01
      0.1000000000E+00      0.1856892938E+01
      0.1500000000E+00      0.1165910959E+01
      0.2000000000E+00      0.3395591509E+00
      0.2500000000E+00     -0.3918166420E+00
      0.3000000000E+00     -0.8751332207E+00
      0.3500000000E+00     -0.1075061428E+01
      0.4000000000E+00     -0.1064559376E+01
      0.4500000000E+00     -0.9728145018E+00
      0.5000000000E+00     -0.9146205363E+00
      0.5500000000E+00     -0.9319553525E+00
      0.6000000000E+00     -0.9728144849E+00
      0.6500000000E+00     -0.9165489445E+00
      0.7000000000E+00     -0.6353689178E+00
      0.7500000000E+00     -0.6611644170E-01
      0.8000000000E+00      0.7388586928E+00
      0.8500000000E+00      0.1605603302E+01
      0.9000000000E+00      0.2283944754E+01
      0.9500000000E+00      0.2530541107E+01
      0.1000000000E+01      0.2199928397E+01
      0.1050000000E+01      0.1309017396E+01
      0.1100000000E+01      0.4878193793E-01
      0.1150000000E+01     -0.1264496175E+01
      0.1200000000E+01     -0.2283944591E+01
      0.1250000000E+01     -0.2740972302E+01
      0.1300000000E+01     -0.2530541333E+01
      0.1350000000E+01     -0.1742901195E+01
      0.1400000000E+01     -0.6306761832E+00
      0.1450000000E+01      0.4768557967E+00
      0.1500000000E+01      0.1281831185E+01
      0.1550000000E+01      0.1610296690E+01
      0.1600000000E+01      0.1457593277E+01
      0.1650000000E+01      0.9728148118E+00
      0.1700000000E+01      0.3909115064E+00
      0.1750000000E+01     -0.6030718254E-01
      0.1800000000E+01     -0.2429007120E+00
      0.1850000000E+01     -0.1511559813E+00
      0.1900000000E+01      0.1001333481E+00
      0.1950000000E+01      0.3340889712E+00
      0.2000000000E+01      0.3918167388E+00
      0.2050000000E+01      0.2014852935E+00
      0.2100000000E+01     -0.1909826825E+00
      0.2150000000E+01     -0.6411773921E+00
      0.2200000000E+01     -0.9668779759E+00
      0.2250000000E+01     -0.1025072164E+01
      0.2300000000E+01     -0.7737820081E+00
      0.2350000000E+01     -0.2932303897E+00
      0.2400000000E+01      0.2429003278E+00
      0.2450000000E+01      0.6353685958E+00
      0.2500000000E+01      0.7397644902E+00
      0.2550000000E+01      0.5271858136E+00
      0.2600000000E+01      0.1001339449E+00
      0.2650000000E+01     -0.3442519437E+00
      0.2700000000E+01     -0.5908483944E+00
      0.2750000000E+01     -0.4941913857E+00
      0.2800000000E+01     -0.4297311843E-01
      0.2850000000E+01      0.6248660645E+00
      0.2900000000E+01      0.1264496127E+01
      0.2950000000E+01      0.1610296603E+01
      0.3000000000E+01      0.1474928324E+01
      0.3050000000E+01      0.8248049427E+00
      0.3100000000E+01     -0.1967907014E+00
      0.3150000000E+01     -0.1309015870E+01
      0.3200000000E+01     -0.2182592640E+01
      0.3250000000E+01     -0.2547875864E+01
      0.3300000000E+01     -0.2283945550E+01
      0.3350000000E+01     -0.1457594274E+01
      0.3400000000E+01     -0.2991677269E+00
      0.3450000000E+01      0.8751319888E+00
      0.3500000000E+01      0.1766043639E+01
      0.3550000000E+01      0.2182593167E+01
      0.3600000000E+01      0.2090848867E+01
      0.3650000000E+01      0.1605604307E+01
      0.3700000000E+01      0.9319562364E+00
      0.3750000000E+01      0.2818322272E+00
      0.3800000000E+01     -0.2014845865E+00
      0.3850000000E+01     -0.4826649159E+00
      0.3900000000E+01     -0.6248665996E+00
      0.3950000000E+01     -0.7388587494E+00
      0.4000000000E+01     -0.9146202338E+00
      0.4050000000E+01     -0.1165910546E+01
      0.4100000000E+01     -0.1412506831E+01
      0.4150000000E+01     -0.1508945221E+01
      0.4200000000E+01     -0.1309017541E+01
      0.4250000000E+01     -0.7397655233E+00
      0.4300000000E+01      0.1464612092E+00
      0.4350000000E+01      0.1165909434E+01
      0.4400000000E+01      0.2049988266E+01
      0.4450000000E+01      0.2530540781E+01
      0.4500000000E+01      0.2433884360E+01
      0.4550000000E+01      0.1748711070E+01
      0.4600000000E+01      0.6411796229E+00
      0.4650000000E+01     -0.5908466054E+00
      0.4700000000E+01     -0.1610295425E+01
      0.4750000000E+01     -0.2148575695E+01
      0.4800000000E+01     -0.2090849045E+01
      0.4850000000E+01     -0.1508946463E+01
      0.4900000000E+01     -0.6306771760E+00
      0.4950000000E+01      0.2428994270E+00
      0.5000000000E+01      0.8421381807E+00
      0.5050000000E+01      0.1017900541E+01
      0.5100000000E+01      0.7839455941E+00
      0.5150000000E+01      0.2991672480E+00
      0.5200000000E+01     -0.2014843149E+00
      0.5250000000E+01     -0.4999997376E+00
      0.5300000000E+01     -0.4768566327E+00
      0.5350000000E+01     -0.1511566539E+00
      0.5400000000E+01      0.3340881653E+00
      0.5450000000E+01      0.7737810526E+00
      0.5500000000E+01      0.9842128566E+00
      0.5550000000E+01      0.8751337613E+00
      0.5600000000E+01      0.4826661130E+00
      0.5650000000E+01     -0.4878039787E-01
      0.5700000000E+01     -0.5271847500E+00
      0.5750000000E+01     -0.7911162867E+00
      0.5800000000E+01     -0.7737819999E+00
      0.5850000000E+01     -0.5271861461E+00
      0.5900000000E+01     -0.1967925165E+00
      0.5950000000E+01      0.4297225713E-01
      0.6000000000E+01      0.6611646978E-01
      0.6050000000E+01     -0.1464620355E+00
      0.6100000000E+01     -0.4922620041E+00
      0.6150000000E+01     -0.7839444966E+00
      0.6200000000E+01     -0.8248043190E+00
      0.6250000000E+01     -0.4941922351E+00
      0.6300000000E+01      0.1909812472E+00
      0.6350000000E+01      0.1064557454E+01
      0.6400000000E+01      0.1856891494E+01
      0.6450000000E+01      0.2283944539E+01
      0.6500000000E+01      0.2148577074E+01
      0.6550000000E+01      0.1417202518E+01
      0.6600000000E+01      0.2429036702E+00
      0.6650000000E+01     -0.1075058555E+01
      0.6700000000E+01     -0.2182591313E+01
      0.6750000000E+01     -0.2781830838E+01
      0.6800000000E+01     -0.2723638429E+01
      0.6850000000E+01     -0.2049991504E+01
      0.6900000000E+01     -0.9728172651E+00
      0.6950000000E+01      0.2014824281E+00
      0.7000000000E+01      0.1173646285E+01
      0.7050000000E+01      0.1742899922E+01
      0.7100000000E+01      0.1856893146E+01
      0.7150000000E+01      0.1605604461E+01
      0.7200000000E+01      0.1165912070E+01
      0.7250000000E+01      0.7215250907E+00
      0.7300000000E+01      0.3909118339E+00
      0.7350000000E+01      0.1909833906E+00
      0.7400000000E+01      0.4878181300E-01
      0.7450000000E+01     -0.1464620195E+00
      0.7500000000E+01     -0.4749268831E+00
      0.7550000000E+01     -0.9319540889E+00
      0.7600000000E+01     -0.1412505975E+01
      0.7650000000E+01     -0.1742900229E+01
      0.7700000000E+01     -0.1748710138E+01
      0.7750000000E+01     -0.1332162366E+01
      0.7800000000E+01     -0.5271880438E+00
      0.7850000000E+01      0.4922599517E+00
      0.7900000000E+01      0.1457590816E+01
      0.7950000000E+01      0.2090847414E+01
      0.8000000000E+01      0.2199928673E+01
      0.8050000000E+01      0.1748711534E+01
      0.8100000000E+01      0.8751360240E+00
      0.8150000000E+01     -0.1511530845E+00
      0.8200000000E+01     -0.1017898523E+01
      0.8250000000E+01     -0.1474927342E+01
      0.8300000000E+01     -0.1417201164E+01
      0.8350000000E+01     -0.9165507861E+00
      0.8400000000E+01     -0.1909851379E+00
      0.8450000000E+01      0.4768547068E+00
      0.8500000000E+01      0.8421383964E+00
      0.8550000000E+01      0.7839456925E+00
      0.8600000000E+01      0.3442539818E+00
      0.8650000000E+01     -0.2932280279E+00
      0.8700000000E+01     -0.8751318562E+00
      0.8750000000E+01     -0.1173647864E+01
      0.8800000000E+01     -0.1069253483E+01
      0.8850000000E+01     -0.5908503489E+00
      0.8900000000E+01      0.1001313328E+00
      0.8950000000E+01      0.7737799058E+00
      0.9000000000E+01      0.1218167658E+01
      0.9050000000E+01      0.1314826136E+01
      0.9100000000E+01      0.1075062596E+01
      0.9150000000E+01      0.6248682916E+00
      0.9200000000E+01      0.1464640256E+00
      0.9250000000E+01     -0.1987194958E+00
      0.9300000000E+01     -0.3340889780E+00
      0.9350000000E+01     -0.2932302529E+00
      0.9400000000E+01     -0.1967921240E+00
      0.9450000000E+01     -0.1909827494E+00
      0.9500000000E+01     -0.3735754363E+00
      0.9550000000E+01     -0.7388575473E+00
      0.9600000000E+01     -0.1165909624E+01
      0.9650000000E+01     -0.1457592577E+01
      0.9700000000E+01     -0.1417201141E+01
      0.9750000000E+01     -0.9338860897E+00
      0.9800000000E+01     -0.4297603672E-01
      0.9850000000E+01      0.1064555597E+01
      0.9900000000E+01      0.2090845513E+01
      0.9950000000E+01      0.2723636340E+01
      0.1000000000E+02      0.2740973461E+01
      0.1005000000E+02      0.2090851739E+01
      0.1010000000E+02      0.9165535480E+00
      0.1015000000E+02     -0.4826603583E+00
      0.1020000000E+02     -0.1742896989E+01
      0.1025000000E+02     -0.2547874162E+01
      0.1030000000E+02     -0.2723638055E+01
      0.1035000000E+02     -0.2283947369E+01
      0.1040000000E+02     -0.1412510646E+01
      0.1045000000E+02     -0.3909147460E+00
      0.1050000000E+02      0.4999973094E+00
      0.1055000000E+02      0.1069251192E+01
      0.1060000000E+02      0.1264496560E+01
      0.1065000000E+02      0.1165911628E+01
      0.1070000000E+02      0.9319562546E+00
      0.1075000000E+02      0.7215246916E+00
      0.1080000000E+02      0.6248668738E+00
      0.1085000000E+02      0.6306755177E+00
      0.1090000000E+02      0.6411778143E+00
      0.1095000000E+02      0.5271863069E+00
      0.1100000000E+02      0.1987219303E+00
      0.1105000000E+02     -0.3395567838E+00
      0.1110000000E+02     -0.9728121400E+00
      0.1115000000E+02     -0.1508943588E+01
      0.1120000000E+02     -0.1748709463E+01
      0.1125000000E+02     -0.1566117813E+01
      0.1130000000E+02     -0.9668810955E+00
      0.1135000000E+02     -0.1001370947E+00
      0.1140000000E+02      0.7839417951E+00
      0.1145000000E+02      0.1417198607E+01
      0.1150000000E+02      0.1607532155E+01
      0.1155000000E+02      0.1309019027E+01
      0.1160000000E+02      0.6411807755E+00
      0.1165000000E+02     -0.1511528433E+00
      0.1170000000E+02     -0.7839430338E+00
      0.1175000000E+02     -0.1035235213E+01
      0.1180000000E+02     -0.8248057437E+00
      0.1185000000E+02     -0.2429035619E+00
      0.1190000000E+02      0.4826623196E+00
      0.1195000000E+02      0.1069250803E+01
      0.1200000000E+02      0.1281831574E+01
      0.1205000000E+02      0.1017902494E+01
      0.1210000000E+02      0.3442556577E+00
      0.1215000000E+02     -0.5271818750E+00
      0.1220000000E+02     -0.1314823153E+01
      0.1225000000E+02     -0.1766043505E+01
      0.1230000000E+02     -0.1742901855E+01
      0.1235000000E+02     -0.1264499442E+01
      0.1240000000E+02     -0.4922662999E+00
      0.1245000000E+02      0.3340858053E+00
      0.1250000000E+02      0.9842108105E+00
      0.1255000000E+02      0.1314825215E+01
      0.1260000000E+02      0.1309017634E+01
      0.1265000000E+02      0.1064560715E+01
      0.1270000000E+02      0.7388602911E+00
      0.1275000000E+02      0.4749287927E+00
      0.1280000000E+02      0.3395594200E+00
      0.1285000000E+02      0.2991664245E+00
      0.1290000000E+02      0.2429012136E+00
      0.1295000000E+02      0.4297389372E-01
      0.1300000000E+02     -0.3735740370E+00
      0.1305000000E+02     -0.9728115980E+00
      0.1310000000E+02     -0.1605600955E+01
      0.1315000000E+02     -0.2049988123E+01
      0.1320000000E+02     -0.2090849435E+01
      0.1325000000E+02     -0.1607535299E+01
      0.1330000000E+02     -0.6353740887E+00
      0.1335000000E+02      0.6248608046E+00
      0.1340000000E+02      0.1856887883E+01
      0.1345000000E+02      0.2723634827E+01
      0.1350000000E+02      0.2974928372E+01
      0.1355000000E+02      0.2530544650E+01
      0.1360000000E+02      0.1508950866E+01
      0.1365000000E+02      0.1909892862E+00
      0.1370000000E+02     -0.1069247333E+01
      0.1375000000E+02     -0.1955476735E+01
      0.1380000000E+02     -0.2283944752E+01
      0.1385000000E+02     -0.2049991585E+01
      0.1390000000E+02     -0.1412510703E+01
      0.1395000000E+02     -0.6248704268E+00
      0.1400000000E+02      0.6030466539E-01
      0.1405000000E+02      0.4768550469E+00
      0.1410000000E+02      0.5908485511E+00
      0.1415000000E+02      0.4922634833E+00
      0.1420000000E+02      0.3395597031E+00
      0.1425000000E+02      0.2818313732E+00
      0.1430000000E+02      0.3909102642E+00
      0.1435000000E+02      0.6306743136E+00
      0.1440000000E+02      0.8751323061E+00
      0.1445000000E+02      0.9668782801E+00
      0.1450000000E+02      0.7911181349E+00
      0.1455000000E+02      0.3340919203E+00
      0.1460000000E+02     -0.2991630155E+00
      0.1465000000E+02     -0.9165462273E+00
      0.1470000000E+02     -0.1309015877E+01
      0.1475000000E+02     -0.1332161610E+01
      0.1480000000E+02     -0.9668808075E+00
      0.1485000000E+02     -0.3340926156E+00
      0.1490000000E+02      0.3442491489E+00
      0.1495000000E+02      0.8248024329E+00
      0.1500000000E+02      0.9338842614E+00
      0.1505000000E+02      0.6353712523E+00
      0.1510000000E+02      0.4878482346E-01
      0.1515000000E+02     -0.5908455044E+00
      0.1520000000E+02     -0.1017899194E+01
      0.1525000000E+02     -0.1035236432E+01
      0.1530000000E+02     -0.5908518652E+00
      0.1535000000E+02      0.1967872656E+00
      0.1540000000E+02      0.1075057119E+01
      0.1545000000E+02      0.1742898249E+01
      0.1550000000E+02      0.1955479998E+01
      0.1555000000E+02      0.1610299982E+01
      0.1560000000E+02      0.7839502273E+00
      0.1565000000E+02     -0.2932240725E+00
      0.1570000000E+02     -0.1314821093E+01
      0.1575000000E+02     -0.1999997588E+01
      0.1580000000E+02     -0.2182593809E+01
      0.1585000000E+02     -0.1856895851E+01
      0.1590000000E+02     -0.1165915257E+01
      0.1595000000E+02     -0.3395635192E+00
      0.1600000000E+02      0.3918132913E+00
      0.1605000000E+02      0.8751314081E+00
      0.1610000000E+02      0.1075061022E+01
      0.1615000000E+02      0.1064559772E+01
      0.1620000000E+02      0.9728149827E+00
      0.1625000000E+02      0.9146206412E+00
      0.1630000000E+02      0.9319551103E+00
      0.1635000000E+02      0.9728144019E+00
      0.1640000000E+02      0.9165497535E+00
      0.1645000000E+02      0.6353711920E+00
      0.1650000000E+02      0.6612023877E-01
      0.1655000000E+02     -0.7388539991E+00
      0.1660000000E+02     -0.1605598913E+01
      0.1665000000E+02     -0.2283942079E+01
      0.1670000000E+02     -0.2530541268E+01
      0.1675000000E+02     -0.2199931775E+01
      0.1680000000E+02     -0.1309023416E+01
      0.1685000000E+02     -0.4878916872E-01
      0.1690000000E+02      0.1264489614E+01
      0.1695000000E+02      0.2283940445E+01
      0.1700000000E+02      0.2740971633E+01
      0.1705000000E+02      0.2530544179E+01
      0.1710000000E+02      0.1742906579E+01
      0.1715000000E+02      0.6306824472E+00
      0.1720000000E+02     -0.4768504338E+00
      0.1725000000E+02     -0.1281828057E+01
      0.1730000000E+02     -0.1610296290E+01
      0.1735000000E+02     -0.1457595178E+01
      0.1740000000E+02     -0.9728179020E+00
      0.1745000000E+02     -0.3909144580E+00
      0.1750000000E+02      0.6030541251E-01
      0.1755000000E+02      0.2429005237E+00
      0.1760000000E+02      0.1511570471E+00
      0.1765000000E+02     -0.1001318795E+00
      0.1770000000E+02     -0.3340880744E+00
      0.1775000000E+02     -0.3918170824E+00
      0.1780000000E+02     -0.2014869524E+00
      0.1785000000E+02      0.1909802587E+00
      0.1790000000E+02      0.6411751482E+00
      0.1795000000E+02      0.9668768535E+00
      0.1800000000E+02      0.1025072701E+01
      0.1805000000E+02      0.7737840974E+00
      0.1810000000E+02      0.2932333026E+00
      0.1815000000E+02     -0.2428976652E+00
      0.1820000000E+02     -0.6353671757E+00
      0.1825000000E+02     -0.7397648158E+00
      0.1830000000E+02     -0.5271876773E+00
      0.1835000000E+02     -0.1001364868E+00
      0.1840000000E+02      0.3442499110E+00
      0.1845000000E+02      0.5908479135E+00
      0.1850000000E+02      0.4941929169E+00
      0.1855000000E+02      0.4297630878E-01
      0.1860000000E+02     -0.6248623052E+00
      0.1865000000E+02     -0.1264493259E+01
      0.1870000000E+02     -0.1610295929E+01
      0.1875000000E+02     -0.1474930485E+01
      0.1880000000E+02     -0.8248096363E+00
      0.1885000000E+02      0.1967846762E+00
      0.1890000000E+02      0.1309010247E+01
      0.1895000000E+02      0.2182589124E+01
      0.1900000000E+02      0.2547875566E+01
      0.1905000000E+02      0.2283948622E+01
      0.1910000000E+02      0.1457599869E+01
      0.1915000000E+02      0.2991742885E+00
      0.1920000000E+02     -0.8751262073E+00
      0.1925000000E+02     -0.1766040022E+01
      0.1930000000E+02     -0.2182592337E+01
      0.1935000000E+02     -0.2090850574E+01
      0.1940000000E+02     -0.1605607623E+01
      0.1945000000E+02     -0.9319599631E+00
      0.1950000000E+02     -0.2818353551E+00
      0.1955000000E+02      0.2014825511E+00
      0.1960000000E+02      0.4826638681E+00
      0.1965000000E+02      0.6248660134E+00
      0.1970000000E+02      0.7388580247E+00
      0.1975000000E+02      0.9146190556E+00
      0.1980000000E+02      0.1165909098E+01
      0.1985000000E+02      0.1412505766E+01
      0.1990000000E+02      0.1508945388E+01
      0.1995000000E+02      0.1309019593E+01
      0.2000000000E+02      0.7397695431E+00
