      0.2743653325E+00      0.2650892001E+15
      0.8230959974E+00      0.2402951368E+16
      0.1371826662E+01      0.3589471564E+16
      0.1920557327E+01      0.4875927331E+16
      0.2469287992E+01      0.7620235236E+16
      0.3018018657E+01      0.9789030007E+16
      0.3566749322E+01      0.1204564200E+17
      0.4115479987E+01      0.1149313617E+17
      0.4664210652E+01      0.1915349724E+17
      0.5212941317E+01      0.2009500624E+17
      0.5761671982E+01      0.2531596837E+17
      0.6310402646E+01      0.3308815152E+17
      0.6859133311E+01      0.4023240324E+17
      0.7407863976E+01      0.4945576856E+17
      0.7956594641E+01      0.4858910821E+17
      0.8505325306E+01      0.4934790029E+17
      0.9054055971E+01      0.5575971257E+17
      0.9602786636E+01      0.6820153143E+17
      0.1015151730E+02      0.7425997265E+17
      0.1070024797E+02      0.7954736901E+17
      0.1124897863E+02      0.7808877670E+17
      0.1179770930E+02      0.9178845986E+17
      0.1234643996E+02      0.1037157057E+18
      0.1289517063E+02      0.1563944340E+18
      0.1344390129E+02      0.1738721020E+18
      0.1399263196E+02      0.1860742389E+18
      0.1454136262E+02      0.1924100009E+18
      0.1509009328E+02      0.2007122843E+18
      0.1563882395E+02      0.2213053629E+18
      0.1618755461E+02      0.2301369757E+18
      0.1673628528E+02      0.2415613531E+18
      0.1728501594E+02      0.2531057873E+18
      0.1783374661E+02      0.2556765419E+18
      0.1838247727E+02      0.2611072965E+18
      0.1893120794E+02      0.2970981801E+18
      0.1947993860E+02      0.3143946757E+18
      0.2002866927E+02      0.3198253255E+18
      0.2057739993E+02      0.3417155521E+18
      0.2112613060E+02      0.3407868912E+18
      0.2167486126E+02      0.3702935517E+18
      0.2222359193E+02      0.3813790019E+18
      0.2277232259E+02      0.4007710551E+18
      0.2332105326E+02      0.4138416120E+18
      0.2386978392E+02      0.4198973014E+18
      0.2441851459E+02      0.4134660693E+18
      0.2496724525E+02      0.4647360985E+18
      0.2551597592E+02      0.5061541164E+18
      0.2606470658E+02      0.5686894069E+18
      0.2661343725E+02      0.5668172353E+18
      0.2716216791E+02      0.5673014987E+18
      0.2771089858E+02      0.5797820321E+18
      0.2825962924E+02      0.6237785966E+18
      0.2880835991E+02      0.6295709614E+18
      0.2935709057E+02      0.6317695623E+18
      0.2990582124E+02      0.6709759293E+18
      0.3045455190E+02      0.6682928615E+18
      0.3100328257E+02      0.7106180919E+18
      0.3155201323E+02      0.7606028708E+18
      0.3210074390E+02      0.7680001718E+18
      0.3264947456E+02      0.7913376172E+18
      0.3319820523E+02      0.8071439089E+18
      0.3374693589E+02      0.8175628088E+18
      0.3429566656E+02      0.8337968621E+18
      0.3484439722E+02      0.8421887055E+18
      0.3539312789E+02      0.9190231466E+18
      0.3594185855E+02      0.9221748559E+18
      0.3649058922E+02      0.8997597264E+18
      0.3703931988E+02      0.9781736777E+18
      0.3758805055E+02      0.1022327141E+19
      0.3813678121E+02      0.1074370417E+19
      0.3868551188E+02      0.1047121720E+19
      0.3923424254E+02      0.1135686516E+19
      0.3978297321E+02      0.1114972680E+19
      0.4033170387E+02      0.1157052507E+19
      0.4088043454E+02      0.1230072004E+19
      0.4142916520E+02      0.1218106742E+19
      0.4197789587E+02      0.1255688878E+19
      0.4252662653E+02      0.1256148050E+19
      0.4307535720E+02      0.1273782192E+19
      0.4362408786E+02      0.1311083157E+19
      0.4417281853E+02      0.1440674545E+19
      0.4472154919E+02      0.1528838362E+19
      0.4527027985E+02      0.1567385259E+19
      0.4581901052E+02      0.1555028689E+19
      0.4636774118E+02      0.1585023519E+19
      0.4691647185E+02      0.1610310839E+19
      0.4746520251E+02      0.1672836914E+19
      0.4801393318E+02      0.1697191714E+19
      0.4856266384E+02      0.1723216607E+19
      0.4911139451E+02      0.1714096030E+19
      0.4966012517E+02      0.1762485604E+19
      0.5020885584E+02      0.1792004145E+19
      0.5075758650E+02      0.1825788782E+19
      0.5130631717E+02      0.1900030866E+19
      0.5185504783E+02      0.1922983244E+19
      0.5240377850E+02      0.1994419703E+19
      0.5295250916E+02      0.1925814357E+19
      0.5350123983E+02      0.2007536340E+19
      0.5404997049E+02      0.2029900121E+19
      0.5459870116E+02      0.2088946326E+19
      0.5514743182E+02      0.2069405855E+19
      0.5569616249E+02      0.2117172121E+19
      0.5624489315E+02      0.2179944898E+19
      0.5679362382E+02      0.2422909094E+19
      0.5734235448E+02      0.2424667049E+19
      0.5789108515E+02      0.2471144675E+19
      0.5843981581E+02      0.2533348143E+19
      0.5898854648E+02      0.2484822446E+19
      0.5953727714E+02      0.2627772047E+19
      0.6008600781E+02      0.2635825244E+19
      0.6063473847E+02      0.2678673473E+19
      0.6118346914E+02      0.2729887420E+19
      0.6173219980E+02      0.2726628342E+19
      0.6228093047E+02      0.2793256213E+19
      0.6282966113E+02      0.2806258029E+19
      0.6337839180E+02      0.2812874238E+19
      0.6392712246E+02      0.2763086828E+19
      0.6447585313E+02      0.2709697427E+19
      0.6502458379E+02      0.2673612121E+19
      0.6557331446E+02      0.2660544762E+19
      0.6612204512E+02      0.2645282130E+19
      0.6667077579E+02      0.2601688364E+19
      0.6721950645E+02      0.2533416178E+19
      0.6776823712E+02      0.2570695403E+19
      0.6831696778E+02      0.2455349433E+19
      0.6886569845E+02      0.2458267622E+19
      0.6941442911E+02      0.2411974391E+19
      0.6996315978E+02      0.2414462383E+19
      0.7051189044E+02      0.2355908851E+19
      0.7106062111E+02      0.2296796283E+19
      0.7160935177E+02      0.2305928492E+19
      0.7215808244E+02      0.2254025477E+19
      0.7270681310E+02      0.2228824161E+19
      0.7325554377E+02      0.2152251967E+19
      0.7380427443E+02      0.2142506738E+19
      0.7435300509E+02      0.2116700815E+19
      0.7490173576E+02      0.2041982640E+19
      0.7545046642E+02      0.2027123476E+19
      0.7599919709E+02      0.1973648915E+19
      0.7654792775E+02      0.1936104060E+19
      0.7709665842E+02      0.1850430910E+19
      0.7764538908E+02      0.1805603587E+19
      0.7819411975E+02      0.1785001502E+19
      0.7874285041E+02      0.1694036831E+19
      0.7929158108E+02      0.1645541036E+19
      0.7984031174E+02      0.1618994490E+19
      0.8038904241E+02      0.1584337587E+19
      0.8093777307E+02      0.1501497577E+19
      0.8148650374E+02      0.1454537414E+19
      0.8203523440E+02      0.1418600028E+19
      0.8258396507E+02      0.1405177220E+19
      0.8313269573E+02      0.1312237992E+19
      0.8368142640E+02      0.1270489004E+19
      0.8423015706E+02      0.1245779337E+19
      0.8477888773E+02      0.1145297946E+19
      0.8532761839E+02      0.1085370844E+19
      0.8587634906E+02      0.9865427408E+18
      0.8642507972E+02      0.9341017560E+18
      0.8697381039E+02      0.8982503979E+18
      0.8752254105E+02      0.8050731869E+18
      0.8807127172E+02      0.7409474569E+18
      0.8862000238E+02      0.6885116360E+18
      0.8916873305E+02      0.6371368600E+18
      0.8971746371E+02      0.5846072608E+18
      0.9026619438E+02      0.5384361420E+18
      0.9081492504E+02      0.4947887862E+18
      0.9136365571E+02      0.4622534639E+18
      0.9191238637E+02      0.4253505864E+18
      0.9246111704E+02      0.3969688456E+18
      0.9300984770E+02      0.3620604852E+18
      0.9355857837E+02      0.3439916757E+18
      0.9410730903E+02      0.2992754573E+18
      0.9465603970E+02      0.2944444326E+18
      0.9520477036E+02      0.2548267823E+18
      0.9575350103E+02      0.2353043452E+18
      0.9630223169E+02      0.2152790098E+18
      0.9685096236E+02      0.1866764376E+18
      0.9739969302E+02      0.1840165339E+18
      0.9794842369E+02      0.1472907340E+18
      0.9849715435E+02      0.1444865909E+18
      0.9904588502E+02      0.1162574735E+18
      0.9959461568E+02      0.1155312752E+18
      0.1001433463E+03      0.8952910206E+17
      0.1006920770E+03      0.9427323547E+17
      0.1012408077E+03      0.6432063113E+17
      0.1017895383E+03      0.7178828377E+17
      0.1023382690E+03      0.4463169883E+17
      0.1028869997E+03      0.5027433503E+17
      0.1034357303E+03      0.2950230780E+17
      0.1039844610E+03      0.3128520216E+17
      0.1045331917E+03      0.1631699761E+17
      0.1050819223E+03      0.1420657853E+17
      0.1056306530E+03      0.7216658310E+16
      0.1061793837E+03      0.6716536952E+16
      0.1067281143E+03      0.2936310672E+16
      0.1072768450E+03      0.2699164678E+16
      0.1078255757E+03      0.8349486621E+15
      0.1083743063E+03      0.4562315398E+15
      0.1089230370E+03      0.1395412761E+10
      0.1094717676E+03      0.0000000000E+00
