   0.11285E+00   0.12345E+06
   0.33856E+00   0.87173E-07
   0.56426E+00   0.24931E+06
   0.78997E+00   0.21602E-27
   0.10157E+01   0.88178E-07
   0.12414E+01   0.25678E+06
   0.14671E+01   0.90236E-07
   0.16928E+01   0.21532E-27
   0.19185E+01   0.27001E+06
   0.21442E+01   0.93450E-07
   0.23699E+01   0.13335E-26
   0.25956E+01   0.29032E+06
   0.28213E+01   0.97987E-07
   0.30470E+01   0.32000E+06
   0.32727E+01   0.15342E-26
   0.34984E+01   0.10410E-06
   0.37241E+01   0.36293E+06
   0.39498E+01   0.33555E-26
   0.41755E+01   0.11216E-06
   0.44012E+01   0.42588E+06
   0.46269E+01   0.12271E-06
   0.48526E+01   0.20071E-26
   0.50784E+01   0.52133E+06
   0.53041E+01   0.13654E-06
   0.55298E+01   0.14326E-26
   0.57555E+01   0.67435E+06
   0.59812E+01   0.15486E-06
   0.62069E+01   0.94155E+06
   0.64326E+01   0.12322E-25
   0.66583E+01   0.17954E-06
   0.68840E+01   0.14751E+07
   0.71097E+01   0.40990E-26
   0.73354E+01   0.21362E-06
   0.75611E+01   0.28153E+07
   0.77868E+01   0.26226E-06
   0.80125E+01   0.97398E-26
   0.82382E+01   0.82402E+07
   0.84639E+01   0.33488E-06
   0.86896E+01   0.15492E+09
   0.89153E+01   0.87351E-26
   0.91410E+01   0.45005E-06
   0.93667E+01   0.23067E+08
   0.95924E+01   0.70819E-26
   0.98181E+01   0.64898E-06
   0.10044E+02   0.37349E+07
   0.10270E+02   0.10388E-05
   0.10495E+02   0.32034E-26
   0.10721E+02   0.13922E+07
   0.10947E+02   0.19775E-05
   0.11172E+02   0.76440E-26
   0.11398E+02   0.69605E+06
   0.11624E+02   0.53511E-05
   0.11849E+02   0.40524E+06
   0.12075E+02   0.64377E-26
   0.12301E+02   0.47051E-04
   0.12527E+02   0.10026E+09
   0.12752E+02   0.13504E-25
   0.12978E+02   0.46100E-04
   0.13204E+02   0.17658E+06
   0.13429E+02   0.50329E-05
   0.13655E+02   0.29851E-26
   0.13881E+02   0.12605E+06
   0.14107E+02   0.17852E-05
   0.14332E+02   0.82644E-26
   0.14558E+02   0.93213E+05
   0.14784E+02   0.89989E-06
   0.15009E+02   0.70878E+05
   0.15235E+02   0.24490E-25
   0.15461E+02   0.53931E-06
   0.15686E+02   0.55130E+05
   0.15912E+02   0.35863E-06
   0.16138E+02   0.18511E-25
   0.16364E+02   0.43694E+05
   0.16589E+02   0.25575E-06
   0.16815E+02   0.33556E-25
   0.17041E+02   0.35187E+05
   0.17266E+02   0.19184E-06
   0.17492E+02   0.28727E+05
   0.17718E+02   0.13470E-24
   0.17944E+02   0.14956E-06
   0.18169E+02   0.23737E+05
   0.18395E+02   0.79422E-26
   0.18621E+02   0.12021E-06
   0.18846E+02   0.19824E+05
   0.19072E+02   0.99054E-07
   0.19298E+02   0.17439E-25
   0.19523E+02   0.16715E+05
   0.19749E+02   0.83346E-07
   0.19975E+02   0.16505E-25
   0.20201E+02   0.14218E+05
   0.20426E+02   0.71390E-07
   0.20652E+02   0.12193E+05
   0.20878E+02   0.31161E-25
   0.21103E+02   0.62105E-07
   0.21329E+02   0.10536E+05
   0.21555E+02   0.24247E-25
   0.21780E+02   0.54772E-07
   0.22006E+02   0.91709E+04
   0.22232E+02   0.48900E-07
   0.22458E+02   0.10936E-25
   0.22683E+02   0.80394E+04
   0.22909E+02   0.44143E-07
   0.23135E+02   0.23800E-25
   0.23360E+02   0.70969E+04
   0.23586E+02   0.40253E-07
   0.23812E+02   0.63088E+04
   0.24038E+02   0.15548E-25
   0.24263E+02   0.37051E-07
   0.24489E+02   0.56483E+04
   0.24715E+02   0.34400E-07
   0.24940E+02   0.18338E-25
   0.25166E+02   0.50941E+04
   0.25392E+02   0.32201E-07
   0.25617E+02   0.15067E-25
   0.25843E+02   0.46296E+04
   0.26069E+02   0.30374E-07
   0.26295E+02   0.42414E+04
   0.26520E+02   0.58985E-25
   0.26746E+02   0.28861E-07
   0.26972E+02   0.39189E+04
   0.27197E+02   0.30341E-25
   0.27423E+02   0.27616E-07
   0.27649E+02   0.36537E+04
   0.27875E+02   0.26604E-07
   0.28100E+02   0.54696E-25
   0.28326E+02   0.34391E+04
   0.28552E+02   0.25796E-07
   0.28777E+02   0.15793E-25
   0.29003E+02   0.32700E+04
   0.29229E+02   0.25173E-07
   0.29454E+02   0.31423E+04
   0.29680E+02   0.46928E-25
   0.29906E+02   0.24718E-07
   0.30132E+02   0.30531E+04
   0.30357E+02   0.28134E-25
   0.30583E+02   0.24420E-07
   0.30809E+02   0.30004E+04
   0.31034E+02   0.24273E-07
   0.31260E+02   0.14090E-25
   0.31486E+02   0.14915E+04
   0.31711E+02   0.42844E-25
   0.31937E+02   0.24549E-25
   0.32163E+02   0.39181E-25
   0.32389E+02   0.28002E-25
   0.32614E+02   0.23918E-25
   0.32840E+02   0.18772E-25
   0.33066E+02   0.44443E-25
   0.33291E+02   0.39555E-25
   0.33517E+02   0.14087E-25
   0.33743E+02   0.25310E-25
   0.33969E+02   0.12077E-25
   0.34194E+02   0.55636E-25
   0.34420E+02   0.19252E-25
   0.34646E+02   0.19059E-25
   0.34871E+02   0.11428E-25
   0.35097E+02   0.35707E-25
   0.35323E+02   0.17529E-25
   0.35548E+02   0.13499E-25
   0.35774E+02   0.11248E-25
   0.36000E+02   0.23632E-25
   0.36226E+02   0.14657E-25
   0.36451E+02   0.92292E-26
   0.36677E+02   0.10496E-25
   0.36903E+02   0.31806E-25
   0.37128E+02   0.51892E-26
   0.37354E+02   0.28942E-25
   0.37580E+02   0.29200E-25
   0.37806E+02   0.17090E-25
   0.38031E+02   0.73243E-26
   0.38257E+02   0.27583E-25
   0.38483E+02   0.44196E-26
   0.38708E+02   0.25630E-25
   0.38934E+02   0.45888E-26
   0.39160E+02   0.23212E-25
   0.39385E+02   0.67499E-26
   0.39611E+02   0.34697E-26
   0.39837E+02   0.11902E-25
   0.40063E+02   0.62016E-26
   0.40288E+02   0.76149E-26
   0.40514E+02   0.88370E-26
   0.40740E+02   0.35512E-26
   0.40965E+02   0.38363E-26
   0.41191E+02   0.73222E-27
   0.41417E+02   0.43414E-26
   0.41642E+02   0.71778E-27
   0.41868E+02   0.52971E-26
   0.42094E+02   0.36959E-27
   0.42320E+02   0.64840E-26
   0.42545E+02   0.31024E-26
   0.42771E+02   0.63864E-26
   0.42997E+02   0.20382E-26
   0.43222E+02   0.36454E-26
   0.43448E+02   0.22112E-26
   0.43674E+02   0.81746E-28
   0.43900E+02   0.48436E-26
   0.44125E+02   0.63950E-28
   0.44351E+02   0.95452E-28
   0.44577E+02   0.00000E+00
   0.44802E+02   0.00000E+00
   0.45028E+02   0.00000E+00
