   0.11191E+00   0.11997E-03
   0.33572E+00   0.24053E-03
   0.55953E+00   0.24230E-03
   0.78334E+00   0.00000E+00
   0.10071E+01   0.24528E-03
   0.12310E+01   0.24956E-03
   0.14548E+01   0.00000E+00
   0.16786E+01   0.25522E-03
   0.19024E+01   0.26241E-03
   0.21262E+01   0.27130E-03
   0.23500E+01   0.00000E+00
   0.25738E+01   0.28214E-03
   0.27976E+01   0.29524E-03
   0.30214E+01   0.00000E+00
   0.32453E+01   0.31099E-03
   0.34691E+01   0.32992E-03
   0.36929E+01   0.35271E-03
   0.39167E+01   0.00000E+00
   0.41405E+01   0.38029E-03
   0.43643E+01   0.41389E-03
   0.45881E+01   0.00000E+00
   0.48119E+01   0.45521E-03
   0.50357E+01   0.50666E-03
   0.52596E+01   0.57167E-03
   0.54834E+01   0.00000E+00
   0.57072E+01   0.65537E-03
   0.59310E+01   0.76562E-03
   0.61548E+01   0.00000E+00
   0.63786E+01   0.91505E-03
   0.66024E+01   0.11249E-02
   0.68262E+01   0.14336E-02
   0.70500E+01   0.00000E+00
   0.72739E+01   0.19160E-02
   0.74977E+01   0.27360E-02
   0.77215E+01   0.00000E+00
   0.79453E+01   0.43125E-02
   0.81691E+01   0.80083E-02
   0.83929E+01   0.20656E-01
   0.86167E+01   0.00000E+00
   0.88405E+01   0.15056E+00
   0.90643E+01   0.25814E+00
   0.92882E+01   0.00000E+00
   0.95120E+01   0.22418E-01
   0.97358E+01   0.74892E-02
   0.99596E+01   0.36297E-02
   0.10183E+02   0.00000E+00
   0.10407E+02   0.21026E-02
   0.10631E+02   0.13530E-02
   0.10855E+02   0.00000E+00
   0.11079E+02   0.93333E-03
   0.11302E+02   0.67646E-03
   0.11526E+02   0.50878E-03
   0.11750E+02   0.00000E+00
   0.11974E+02   0.39383E-03
   0.12198E+02   0.31196E-03
   0.12422E+02   0.00000E+00
   0.12645E+02   0.25181E-03
   0.12869E+02   0.20650E-03
   0.13093E+02   0.17161E-03
   0.13317E+02   0.00000E+00
   0.13541E+02   0.14427E-03
   0.13764E+02   0.12250E-03
   0.13988E+02   0.00000E+00
   0.14212E+02   0.10494E-03
   0.14436E+02   0.90589E-04
   0.14660E+02   0.78748E-04
   0.14883E+02   0.00000E+00
   0.15107E+02   0.68883E-04
   0.15331E+02   0.60595E-04
   0.15555E+02   0.00000E+00
   0.15779E+02   0.53578E-04
   0.16002E+02   0.47596E-04
   0.16226E+02   0.42464E-04
   0.16450E+02   0.00000E+00
   0.16674E+02   0.38037E-04
   0.16898E+02   0.34196E-04
   0.17122E+02   0.00000E+00
   0.17345E+02   0.30849E-04
   0.17569E+02   0.27919E-04
   0.17793E+02   0.00000E+00
   0.18017E+02   0.25342E-04
   0.18241E+02   0.23069E-04
   0.18464E+02   0.21055E-04
   0.18688E+02   0.00000E+00
   0.18912E+02   0.19266E-04
   0.19136E+02   0.17671E-04
   0.19360E+02   0.00000E+00
   0.19583E+02   0.16245E-04
   0.19807E+02   0.14967E-04
   0.20031E+02   0.13818E-04
   0.20255E+02   0.00000E+00
   0.20479E+02   0.12783E-04
   0.20703E+02   0.11850E-04
   0.20926E+02   0.00000E+00
   0.21150E+02   0.11005E-04
   0.21374E+02   0.10239E-04
   0.21598E+02   0.95445E-05
   0.21822E+02   0.00000E+00
   0.22045E+02   0.89128E-05
   0.22269E+02   0.83376E-05
   0.22493E+02   0.00000E+00
   0.22717E+02   0.78131E-05
   0.22941E+02   0.73345E-05
   0.23164E+02   0.68971E-05
   0.23388E+02   0.00000E+00
   0.23612E+02   0.64972E-05
   0.23836E+02   0.61312E-05
   0.24060E+02   0.00000E+00
   0.24283E+02   0.57962E-05
   0.24507E+02   0.54893E-05
   0.24731E+02   0.52082E-05
   0.24955E+02   0.00000E+00
   0.25179E+02   0.49508E-05
   0.25403E+02   0.47150E-05
   0.25626E+02   0.00000E+00
   0.25850E+02   0.44993E-05
   0.26074E+02   0.43021E-05
   0.26298E+02   0.41220E-05
   0.26522E+02   0.00000E+00
   0.26745E+02   0.39579E-05
   0.26969E+02   0.38086E-05
   0.27193E+02   0.00000E+00
   0.27417E+02   0.36732E-05
   0.27641E+02   0.35508E-05
   0.27864E+02   0.34408E-05
   0.28088E+02   0.00000E+00
   0.28312E+02   0.33423E-05
   0.28536E+02   0.32549E-05
   0.28760E+02   0.00000E+00
   0.28984E+02   0.31780E-05
   0.29207E+02   0.31111E-05
   0.29431E+02   0.30539E-05
   0.29655E+02   0.00000E+00
   0.29879E+02   0.30060E-05
   0.30103E+02   0.29672E-05
   0.30326E+02   0.00000E+00
   0.30550E+02   0.29372E-05
   0.30774E+02   0.29159E-05
   0.30998E+02   0.29032E-05
   0.31222E+02   0.00000E+00
   0.31445E+02   0.14495E-05
   0.31669E+02   0.00000E+00
   0.31893E+02   0.00000E+00
   0.32117E+02   0.00000E+00
   0.32341E+02   0.00000E+00
   0.32564E+02   0.00000E+00
   0.32788E+02   0.00000E+00
   0.33012E+02   0.00000E+00
   0.33236E+02   0.00000E+00
   0.33460E+02   0.00000E+00
   0.33684E+02   0.00000E+00
   0.33907E+02   0.00000E+00
   0.34131E+02   0.00000E+00
   0.34355E+02   0.00000E+00
   0.34579E+02   0.00000E+00
   0.34803E+02   0.00000E+00
   0.35026E+02   0.00000E+00
   0.35250E+02   0.00000E+00
   0.35474E+02   0.00000E+00
   0.35698E+02   0.00000E+00
   0.35922E+02   0.00000E+00
   0.36145E+02   0.00000E+00
   0.36369E+02   0.00000E+00
   0.36593E+02   0.00000E+00
   0.36817E+02   0.00000E+00
   0.37041E+02   0.00000E+00
   0.37265E+02   0.00000E+00
   0.37488E+02   0.00000E+00
   0.37712E+02   0.00000E+00
   0.37936E+02   0.00000E+00
   0.38160E+02   0.00000E+00
   0.38384E+02   0.00000E+00
   0.38607E+02   0.00000E+00
   0.38831E+02   0.00000E+00
   0.39055E+02   0.00000E+00
   0.39279E+02   0.00000E+00
   0.39503E+02   0.00000E+00
   0.39726E+02   0.00000E+00
   0.39950E+02   0.00000E+00
   0.40174E+02   0.00000E+00
   0.40398E+02   0.00000E+00
   0.40622E+02   0.00000E+00
   0.40845E+02   0.00000E+00
   0.41069E+02   0.00000E+00
   0.41293E+02   0.00000E+00
   0.41517E+02   0.00000E+00
   0.41741E+02   0.00000E+00
   0.41965E+02   0.00000E+00
   0.42188E+02   0.00000E+00
   0.42412E+02   0.00000E+00
   0.42636E+02   0.00000E+00
   0.42860E+02   0.00000E+00
   0.43084E+02   0.00000E+00
   0.43307E+02   0.00000E+00
   0.43531E+02   0.00000E+00
   0.43755E+02   0.00000E+00
   0.43979E+02   0.00000E+00
   0.44203E+02   0.00000E+00
   0.44426E+02   0.00000E+00
   0.44650E+02   0.00000E+00
