   0.13844E+00   0.72709E+09
   0.41533E+00   0.73057E+09
   0.69221E+00   0.74114E+09
   0.96909E+00   0.75917E+09
   0.12460E+01   0.78527E+09
   0.15229E+01   0.82041E+09
   0.17997E+01   0.86595E+09
   0.20766E+01   0.92374E+09
   0.23535E+01   0.00000E+00
   0.26304E+01   0.99638E+09
   0.29073E+01   0.10874E+10
   0.31842E+01   0.12018E+10
   0.34610E+01   0.13466E+10
   0.37379E+01   0.15322E+10
   0.40148E+01   0.17741E+10
   0.42917E+01   0.20967E+10
   0.45686E+01   0.00000E+00
   0.48455E+01   0.25402E+10
   0.51224E+01   0.31752E+10
   0.53992E+01   0.41374E+10
   0.56761E+01   0.57194E+10
   0.59530E+01   0.86726E+10
   0.62299E+01   0.15554E+11
   0.65068E+01   0.41522E+11
   0.67837E+01   0.92478E+12
   0.70605E+01   0.00000E+00
   0.73374E+01   0.47042E+11
   0.76143E+01   0.43199E+10
   0.78912E+01   0.18084E+10
   0.81681E+01   0.59853E+10
   0.84450E+01   0.25766E+11
   0.87218E+01   0.26147E+12
   0.89987E+01   0.56528E+12
   0.92756E+01   0.00000E+00
   0.95525E+01   0.58522E+11
   0.98294E+01   0.22516E+11
   0.10106E+02   0.12287E+11
   0.10383E+02   0.78894E+10
   0.10660E+02   0.55648E+10
   0.10937E+02   0.41727E+10
   0.11214E+02   0.32666E+10
   0.11491E+02   0.26404E+10
   0.11768E+02   0.00000E+00
   0.12044E+02   0.21878E+10
   0.12321E+02   0.18491E+10
   0.12598E+02   0.92787E+12
   0.12875E+02   0.13828E+10
   0.13152E+02   0.12178E+10
   0.13429E+02   0.10831E+10
   0.13706E+02   0.97165E+09
   0.13983E+02   0.00000E+00
   0.14260E+02   0.87825E+09
   0.14536E+02   0.79915E+09
   0.14813E+02   0.73152E+09
   0.15090E+02   0.67323E+09
   0.15367E+02   0.62260E+09
   0.15644E+02   0.57832E+09
   0.15921E+02   0.53937E+09
   0.16198E+02   0.00000E+00
   0.16475E+02   0.50492E+09
   0.16751E+02   0.47429E+09
   0.17028E+02   0.44692E+09
   0.17305E+02   0.42238E+09
   0.17582E+02   0.40029E+09
   0.17859E+02   0.38032E+09
   0.18136E+02   0.36222E+09
   0.18413E+02   0.34577E+09
   0.18690E+02   0.00000E+00
   0.18967E+02   0.33076E+09
   0.19243E+02   0.31705E+09
   0.19520E+02   0.30448E+09
   0.19797E+02   0.29294E+09
   0.20074E+02   0.28233E+09
   0.20351E+02   0.27254E+09
   0.20628E+02   0.26351E+09
   0.20905E+02   0.00000E+00
   0.21182E+02   0.25516E+09
   0.21459E+02   0.24743E+09
   0.21735E+02   0.24027E+09
   0.22012E+02   0.23362E+09
   0.22289E+02   0.22745E+09
   0.22566E+02   0.22171E+09
   0.22843E+02   0.21638E+09
   0.23120E+02   0.21142E+09
   0.23397E+02   0.00000E+00
   0.23674E+02   0.20680E+09
   0.23950E+02   0.20251E+09
   0.24227E+02   0.19851E+09
   0.24504E+02   0.19479E+09
   0.24781E+02   0.19133E+09
   0.25058E+02   0.18812E+09
   0.25335E+02   0.18513E+09
   0.25612E+02   0.00000E+00
   0.25889E+02   0.18237E+09
   0.26166E+02   0.17980E+09
   0.26442E+02   0.17744E+09
   0.26719E+02   0.17526E+09
   0.26996E+02   0.17325E+09
   0.27273E+02   0.17141E+09
   0.27550E+02   0.16974E+09
   0.27827E+02   0.16822E+09
   0.28104E+02   0.00000E+00
   0.28381E+02   0.16685E+09
   0.28657E+02   0.16562E+09
   0.28934E+02   0.16454E+09
   0.29211E+02   0.16359E+09
   0.29488E+02   0.16277E+09
   0.29765E+02   0.16209E+09
   0.30042E+02   0.16153E+09
   0.30319E+02   0.00000E+00
   0.30596E+02   0.16110E+09
   0.30873E+02   0.16079E+09
   0.31149E+02   0.16061E+09
   0.31426E+02   0.16054E+09
   0.31703E+02   0.00000E+00
   0.31980E+02   0.00000E+00
   0.32257E+02   0.00000E+00
   0.32534E+02   0.00000E+00
   0.32811E+02   0.00000E+00
   0.33088E+02   0.00000E+00
   0.33365E+02   0.00000E+00
   0.33641E+02   0.00000E+00
   0.33918E+02   0.00000E+00
   0.34195E+02   0.00000E+00
   0.34472E+02   0.00000E+00
   0.34749E+02   0.00000E+00
   0.35026E+02   0.00000E+00
   0.35303E+02   0.00000E+00
   0.35580E+02   0.00000E+00
   0.35856E+02   0.00000E+00
   0.36133E+02   0.00000E+00
   0.36410E+02   0.00000E+00
   0.36687E+02   0.00000E+00
   0.36964E+02   0.00000E+00
   0.37241E+02   0.00000E+00
   0.37518E+02   0.00000E+00
   0.37795E+02   0.00000E+00
   0.38072E+02   0.00000E+00
   0.38348E+02   0.00000E+00
   0.38625E+02   0.00000E+00
   0.38902E+02   0.00000E+00
   0.39179E+02   0.00000E+00
   0.39456E+02   0.00000E+00
   0.39733E+02   0.00000E+00
   0.40010E+02   0.00000E+00
   0.40287E+02   0.00000E+00
   0.40564E+02   0.00000E+00
   0.40840E+02   0.00000E+00
   0.41117E+02   0.00000E+00
   0.41394E+02   0.00000E+00
   0.41671E+02   0.00000E+00
   0.41948E+02   0.00000E+00
   0.42225E+02   0.00000E+00
   0.42502E+02   0.00000E+00
   0.42779E+02   0.00000E+00
   0.43055E+02   0.00000E+00
   0.43332E+02   0.00000E+00
   0.43609E+02   0.00000E+00
   0.43886E+02   0.00000E+00
   0.44163E+02   0.00000E+00
   0.44440E+02   0.00000E+00
   0.44717E+02   0.00000E+00
   0.44994E+02   0.00000E+00
   0.45271E+02   0.00000E+00
   0.45547E+02   0.00000E+00
   0.45824E+02   0.00000E+00
   0.46101E+02   0.00000E+00
   0.46378E+02   0.00000E+00
   0.46655E+02   0.00000E+00
   0.46932E+02   0.00000E+00
   0.47209E+02   0.00000E+00
   0.47486E+02   0.00000E+00
   0.47762E+02   0.00000E+00
   0.48039E+02   0.00000E+00
   0.48316E+02   0.00000E+00
   0.48593E+02   0.00000E+00
   0.48870E+02   0.00000E+00
   0.49147E+02   0.00000E+00
   0.49424E+02   0.00000E+00
   0.49701E+02   0.00000E+00
   0.49978E+02   0.00000E+00
   0.50254E+02   0.00000E+00
   0.50531E+02   0.00000E+00
   0.50808E+02   0.00000E+00
   0.51085E+02   0.00000E+00
   0.51362E+02   0.00000E+00
   0.51639E+02   0.00000E+00
   0.51916E+02   0.00000E+00
   0.52193E+02   0.00000E+00
   0.52470E+02   0.00000E+00
   0.52746E+02   0.00000E+00
   0.53023E+02   0.00000E+00
   0.53300E+02   0.00000E+00
   0.53577E+02   0.00000E+00
   0.53854E+02   0.00000E+00
   0.54131E+02   0.00000E+00
   0.54408E+02   0.00000E+00
   0.54685E+02   0.00000E+00
   0.54961E+02   0.00000E+00
   0.55238E+02   0.00000E+00
