   0.11191E+00   0.76782E+06
   0.33572E+00   0.15394E+07
   0.55953E+00   0.15507E+07
   0.78334E+00   0.28106E-05
   0.10071E+01   0.15698E+07
   0.12310E+01   0.15972E+07
   0.14548E+01   0.28678E-05
   0.16786E+01   0.16334E+07
   0.19024E+01   0.16794E+07
   0.21262E+01   0.17363E+07
   0.23500E+01   0.30224E-05
   0.25738E+01   0.18057E+07
   0.27976E+01   0.18895E+07
   0.30214E+01   0.31793E-05
   0.32453E+01   0.19903E+07
   0.34691E+01   0.21115E+07
   0.36929E+01   0.22574E+07
   0.39167E+01   0.35179E-05
   0.41405E+01   0.24339E+07
   0.43643E+01   0.26489E+07
   0.45881E+01   0.38335E-05
   0.48119E+01   0.29134E+07
   0.50357E+01   0.32426E+07
   0.52596E+01   0.36587E+07
   0.54834E+01   0.45004E-05
   0.57072E+01   0.41943E+07
   0.59310E+01   0.49000E+07
   0.61548E+01   0.51308E-05
   0.63786E+01   0.58563E+07
   0.66024E+01   0.71996E+07
   0.68262E+01   0.91750E+07
   0.70500E+01   0.65274E-05
   0.72739E+01   0.12263E+08
   0.74977E+01   0.17511E+08
   0.77215E+01   0.79463E-05
   0.79453E+01   0.27600E+08
   0.81691E+01   0.51253E+08
   0.83929E+01   0.13220E+09
   0.86167E+01   0.11476E-04
   0.88405E+01   0.96360E+09
   0.90643E+01   0.16521E+10
   0.92882E+01   0.15662E-04
   0.95120E+01   0.14348E+09
   0.97358E+01   0.47931E+08
   0.99596E+01   0.23230E+08
   0.10183E+02   0.29183E-04
   0.10407E+02   0.13456E+08
   0.10631E+02   0.86592E+07
   0.10855E+02   0.52666E-04
   0.11079E+02   0.59733E+07
   0.11302E+02   0.43294E+07
   0.11526E+02   0.32562E+07
   0.11750E+02   0.24508E-03
   0.11974E+02   0.25205E+07
   0.12198E+02   0.19965E+07
   0.12422E+02   0.59903E-02
   0.12645E+02   0.32016E+10
   0.12869E+02   0.13216E+07
   0.13093E+02   0.10983E+07
   0.13317E+02   0.23288E-03
   0.13541E+02   0.92333E+06
   0.13764E+02   0.78401E+06
   0.13988E+02   0.70770E-04
   0.14212E+02   0.67159E+06
   0.14436E+02   0.57977E+06
   0.14660E+02   0.50399E+06
   0.14883E+02   0.25020E-04
   0.15107E+02   0.44085E+06
   0.15331E+02   0.38781E+06
   0.15555E+02   0.15459E-04
   0.15779E+02   0.34290E+06
   0.16002E+02   0.30461E+06
   0.16226E+02   0.27177E+06
   0.16450E+02   0.88585E-05
   0.16674E+02   0.24343E+06
   0.16898E+02   0.21886E+06
   0.17122E+02   0.65702E-05
   0.17345E+02   0.19743E+06
   0.17569E+02   0.17868E+06
   0.17793E+02   0.50774E-05
   0.18017E+02   0.16219E+06
   0.18241E+02   0.14764E+06
   0.18464E+02   0.13475E+06
   0.18688E+02   0.36571E-05
   0.18912E+02   0.12330E+06
   0.19136E+02   0.11309E+06
   0.19360E+02   0.30303E-05
   0.19583E+02   0.10397E+06
   0.19807E+02   0.95786E+05
   0.20031E+02   0.88435E+05
   0.20255E+02   0.23710E-05
   0.20479E+02   0.81814E+05
   0.20703E+02   0.75837E+05
   0.20926E+02   0.20551E-05
   0.21150E+02   0.70431E+05
   0.21374E+02   0.65532E+05
   0.21598E+02   0.61085E+05
   0.21822E+02   0.17019E-05
   0.22045E+02   0.57042E+05
   0.22269E+02   0.53360E+05
   0.22493E+02   0.15238E-05
   0.22717E+02   0.50004E+05
   0.22941E+02   0.46941E+05
   0.23164E+02   0.44142E+05
   0.23388E+02   0.13170E-05
   0.23612E+02   0.41582E+05
   0.23836E+02   0.39240E+05
   0.24060E+02   0.12095E-05
   0.24283E+02   0.37096E+05
   0.24507E+02   0.35132E+05
   0.24731E+02   0.33333E+05
   0.24955E+02   0.10820E-05
   0.25179E+02   0.31685E+05
   0.25403E+02   0.30176E+05
   0.25626E+02   0.10148E-05
   0.25850E+02   0.28796E+05
   0.26074E+02   0.27533E+05
   0.26298E+02   0.26381E+05
   0.26522E+02   0.93482E-06
   0.26745E+02   0.25330E+05
   0.26969E+02   0.24375E+05
   0.27193E+02   0.89296E-06
   0.27417E+02   0.23508E+05
   0.27641E+02   0.22725E+05
   0.27864E+02   0.22021E+05
   0.28088E+02   0.84429E-06
   0.28312E+02   0.21391E+05
   0.28536E+02   0.20831E+05
   0.28760E+02   0.81998E-06
   0.28984E+02   0.20339E+05
   0.29207E+02   0.19911E+05
   0.29431E+02   0.19545E+05
   0.29655E+02   0.79414E-06
   0.29879E+02   0.19238E+05
   0.30103E+02   0.18990E+05
   0.30326E+02   0.78339E-06
   0.30550E+02   0.18798E+05
   0.30774E+02   0.18662E+05
   0.30998E+02   0.18580E+05
   0.31222E+02   0.77632E-06
   0.31445E+02   0.92767E+04
   0.31669E+02   0.88009E-24
   0.31893E+02   0.17056E-23
   0.32117E+02   0.11461E-23
   0.32341E+02   0.11882E-23
   0.32564E+02   0.10891E-23
   0.32788E+02   0.60271E-24
   0.33012E+02   0.10941E-23
   0.33236E+02   0.10945E-23
   0.33460E+02   0.88176E-24
   0.33684E+02   0.80909E-24
   0.33907E+02   0.70026E-24
   0.34131E+02   0.97249E-24
   0.34355E+02   0.93730E-24
   0.34579E+02   0.77009E-24
   0.34803E+02   0.87103E-24
   0.35026E+02   0.75162E-24
   0.35250E+02   0.66861E-24
   0.35474E+02   0.51555E-24
   0.35698E+02   0.46975E-24
   0.35922E+02   0.64658E-24
   0.36145E+02   0.37113E-24
   0.36369E+02   0.63256E-24
   0.36593E+02   0.50029E-24
   0.36817E+02   0.39577E-24
   0.37041E+02   0.96915E-24
   0.37265E+02   0.47808E-24
   0.37488E+02   0.70108E-24
   0.37712E+02   0.20904E-24
   0.37936E+02   0.31461E-24
   0.38160E+02   0.28528E-24
   0.38384E+02   0.44471E-24
   0.38607E+02   0.59167E-24
   0.38831E+02   0.39414E-24
   0.39055E+02   0.37098E-24
   0.39279E+02   0.26699E-24
   0.39503E+02   0.14832E-24
   0.39726E+02   0.23461E-24
   0.39950E+02   0.36712E-24
   0.40174E+02   0.20722E-24
   0.40398E+02   0.22505E-24
   0.40622E+02   0.10908E-24
   0.40845E+02   0.17311E-24
   0.41069E+02   0.10266E-24
   0.41293E+02   0.94159E-25
   0.41517E+02   0.18375E-24
   0.41741E+02   0.22042E-24
   0.41965E+02   0.10717E-24
   0.42188E+02   0.47690E-25
   0.42412E+02   0.60874E-25
   0.42636E+02   0.98109E-25
   0.42860E+02   0.59485E-25
   0.43084E+02   0.81270E-25
   0.43307E+02   0.14535E-24
   0.43531E+02   0.40092E-25
   0.43755E+02   0.45193E-25
   0.43979E+02   0.55526E-25
   0.44203E+02   0.50064E-26
   0.44426E+02   0.73659E-25
   0.44650E+02   0.00000E+00
