      0.1000000000E+00      0.1856892938E+01
      0.2000000000E+00      0.3395591509E+00
      0.3000000000E+00     -0.8751332207E+00
      0.4000000000E+00     -0.1064559376E+01
      0.5000000000E+00     -0.9146205363E+00
      0.6000000000E+00     -0.9728144849E+00
      0.7000000000E+00     -0.6353689178E+00
      0.8000000000E+00      0.7388586928E+00
      0.9000000000E+00      0.2283944754E+01
      0.1000000000E+01      0.2199928397E+01
      0.1100000000E+01      0.4878193793E-01
      0.1200000000E+01     -0.2283944591E+01
      0.1300000000E+01     -0.2530541333E+01
      0.1400000000E+01     -0.6306761832E+00
      0.1500000000E+01      0.1281831185E+01
      0.1600000000E+01      0.1457593277E+01
      0.1700000000E+01      0.3909115064E+00
      0.1800000000E+01     -0.2429007120E+00
      0.1900000000E+01      0.1001333481E+00
      0.2000000000E+01      0.3918167388E+00
      0.2100000000E+01     -0.1909826825E+00
      0.2200000000E+01     -0.9668779759E+00
      0.2300000000E+01     -0.7737820081E+00
      0.2400000000E+01      0.2429003278E+00
      0.2500000000E+01      0.7397644902E+00
      0.2600000000E+01      0.1001339449E+00
      0.2700000000E+01     -0.5908483944E+00
      0.2800000000E+01     -0.4297311843E-01
      0.2900000000E+01      0.1264496127E+01
      0.3000000000E+01      0.1474928324E+01
      0.3100000000E+01     -0.1967907014E+00
      0.3200000000E+01     -0.2182592640E+01
      0.3300000000E+01     -0.2283945550E+01
      0.3400000000E+01     -0.2991677269E+00
      0.3500000000E+01      0.1766043639E+01
      0.3600000000E+01      0.2090848867E+01
      0.3700000000E+01      0.9319562364E+00
      0.3800000000E+01     -0.2014845865E+00
      0.3900000000E+01     -0.6248665996E+00
      0.4000000000E+01     -0.9146202338E+00
      0.4100000000E+01     -0.1412506831E+01
      0.4200000000E+01     -0.1309017541E+01
      0.4300000000E+01      0.1464612092E+00
      0.4400000000E+01      0.2049988266E+01
      0.4500000000E+01      0.2433884360E+01
      0.4600000000E+01      0.6411796229E+00
      0.4700000000E+01     -0.1610295425E+01
      0.4800000000E+01     -0.2090849045E+01
      0.4900000000E+01     -0.6306771760E+00
      0.5000000000E+01      0.8421381807E+00
      0.5100000000E+01      0.7839455941E+00
      0.5200000000E+01     -0.2014843149E+00
      0.5300000000E+01     -0.4768566327E+00
      0.5400000000E+01      0.3340881653E+00
      0.5500000000E+01      0.9842128566E+00
      0.5600000000E+01      0.4826661130E+00
      0.5700000000E+01     -0.5271847500E+00
      0.5800000000E+01     -0.7737819999E+00
      0.5900000000E+01     -0.1967925165E+00
      0.6000000000E+01      0.6611646978E-01
      0.6100000000E+01     -0.4922620041E+00
      0.6200000000E+01     -0.8248043190E+00
      0.6300000000E+01      0.1909812472E+00
      0.6400000000E+01      0.1856891494E+01
      0.6500000000E+01      0.2148577074E+01
      0.6600000000E+01      0.2429036702E+00
      0.6700000000E+01     -0.2182591313E+01
      0.6800000000E+01     -0.2723638429E+01
      0.6900000000E+01     -0.9728172651E+00
      0.7000000000E+01      0.1173646285E+01
      0.7100000000E+01      0.1856893146E+01
      0.7200000000E+01      0.1165912070E+01
      0.7300000000E+01      0.3909118339E+00
      0.7400000000E+01      0.4878181300E-01
      0.7500000000E+01     -0.4749268831E+00
      0.7600000000E+01     -0.1412505975E+01
      0.7700000000E+01     -0.1748710138E+01
      0.7800000000E+01     -0.5271880438E+00
      0.7900000000E+01      0.1457590816E+01
      0.8000000000E+01      0.2199928673E+01
      0.8100000000E+01      0.8751360240E+00
      0.8200000000E+01     -0.1017898523E+01
      0.8300000000E+01     -0.1417201164E+01
      0.8400000000E+01     -0.1909851379E+00
      0.8500000000E+01      0.8421383964E+00
      0.8600000000E+01      0.3442539818E+00
      0.8700000000E+01     -0.8751318562E+00
      0.8800000000E+01     -0.1069253483E+01
      0.8900000000E+01      0.1001313328E+00
      0.9000000000E+01      0.1218167658E+01
      0.9100000000E+01      0.1075062596E+01
      0.9200000000E+01      0.1464640256E+00
      0.9300000000E+01     -0.3340889780E+00
      0.9400000000E+01     -0.1967921240E+00
      0.9500000000E+01     -0.3735754363E+00
      0.9600000000E+01     -0.1165909624E+01
      0.9700000000E+01     -0.1417201141E+01
      0.9800000000E+01     -0.4297603672E-01
      0.9900000000E+01      0.2090845513E+01
      0.1000000000E+02      0.2740973461E+01
      0.1010000000E+02      0.9165535480E+00
      0.1020000000E+02     -0.1742896989E+01
      0.1030000000E+02     -0.2723638055E+01
      0.1040000000E+02     -0.1412510646E+01
      0.1050000000E+02      0.4999973094E+00
      0.1060000000E+02      0.1264496560E+01
      0.1070000000E+02      0.9319562546E+00
      0.1080000000E+02      0.6248668738E+00
      0.1090000000E+02      0.6411778143E+00
      0.1100000000E+02      0.1987219303E+00
      0.1110000000E+02     -0.9728121400E+00
      0.1120000000E+02     -0.1748709463E+01
      0.1130000000E+02     -0.9668810955E+00
      0.1140000000E+02      0.7839417951E+00
      0.1150000000E+02      0.1607532155E+01
      0.1160000000E+02      0.6411807755E+00
      0.1170000000E+02     -0.7839430338E+00
      0.1180000000E+02     -0.8248057437E+00
      0.1190000000E+02      0.4826623196E+00
      0.1200000000E+02      0.1281831574E+01
      0.1210000000E+02      0.3442556577E+00
      0.1220000000E+02     -0.1314823153E+01
      0.1230000000E+02     -0.1742901855E+01
      0.1240000000E+02     -0.4922662999E+00
      0.1250000000E+02      0.9842108105E+00
      0.1260000000E+02      0.1309017634E+01
      0.1270000000E+02      0.7388602911E+00
      0.1280000000E+02      0.3395594200E+00
      0.1290000000E+02      0.2429012136E+00
      0.1300000000E+02     -0.3735740370E+00
      0.1310000000E+02     -0.1605600955E+01
      0.1320000000E+02     -0.2090849435E+01
      0.1330000000E+02     -0.6353740887E+00
      0.1340000000E+02      0.1856887883E+01
      0.1350000000E+02      0.2974928372E+01
      0.1360000000E+02      0.1508950866E+01
      0.1370000000E+02     -0.1069247333E+01
      0.1380000000E+02     -0.2283944752E+01
      0.1390000000E+02     -0.1412510703E+01
      0.1400000000E+02      0.6030466539E-01
      0.1410000000E+02      0.5908485511E+00
      0.1420000000E+02      0.3395597031E+00
      0.1430000000E+02      0.3909102642E+00
      0.1440000000E+02      0.8751323061E+00
      0.1450000000E+02      0.7911181349E+00
      0.1460000000E+02     -0.2991630155E+00
      0.1470000000E+02     -0.1309015877E+01
      0.1480000000E+02     -0.9668808075E+00
      0.1490000000E+02      0.3442491489E+00
      0.1500000000E+02      0.9338842614E+00
      0.1510000000E+02      0.4878482346E-01
      0.1520000000E+02     -0.1017899194E+01
      0.1530000000E+02     -0.5908518652E+00
      0.1540000000E+02      0.1075057119E+01
      0.1550000000E+02      0.1955479998E+01
      0.1560000000E+02      0.7839502273E+00
      0.1570000000E+02     -0.1314821093E+01
      0.1580000000E+02     -0.2182593809E+01
      0.1590000000E+02     -0.1165915257E+01
      0.1600000000E+02      0.3918132913E+00
      0.1610000000E+02      0.1075061022E+01
      0.1620000000E+02      0.9728149827E+00
      0.1630000000E+02      0.9319551103E+00
      0.1640000000E+02      0.9165497535E+00
      0.1650000000E+02      0.6612023877E-01
      0.1660000000E+02     -0.1605598913E+01
      0.1670000000E+02     -0.2530541268E+01
      0.1680000000E+02     -0.1309023416E+01
      0.1690000000E+02      0.1264489614E+01
      0.1700000000E+02      0.2740971633E+01
      0.1710000000E+02      0.1742906579E+01
      0.1720000000E+02     -0.4768504338E+00
      0.1730000000E+02     -0.1610296290E+01
      0.1740000000E+02     -0.9728179020E+00
      0.1750000000E+02      0.6030541251E-01
      0.1760000000E+02      0.1511570471E+00
      0.1770000000E+02     -0.3340880744E+00
      0.1780000000E+02     -0.2014869524E+00
      0.1790000000E+02      0.6411751482E+00
      0.1800000000E+02      0.1025072701E+01
      0.1810000000E+02      0.2932333026E+00
      0.1820000000E+02     -0.6353671757E+00
      0.1830000000E+02     -0.5271876773E+00
      0.1840000000E+02      0.3442499110E+00
      0.1850000000E+02      0.4941929169E+00
      0.1860000000E+02     -0.6248623052E+00
      0.1870000000E+02     -0.1610295929E+01
      0.1880000000E+02     -0.8248096363E+00
      0.1890000000E+02      0.1309010247E+01
      0.1900000000E+02      0.2547875566E+01
      0.1910000000E+02      0.1457599869E+01
      0.1920000000E+02     -0.8751262073E+00
      0.1930000000E+02     -0.2182592337E+01
      0.1940000000E+02     -0.1605607623E+01
      0.1950000000E+02     -0.2818353551E+00
      0.1960000000E+02      0.4826638681E+00
      0.1970000000E+02      0.7388580247E+00
      0.1980000000E+02      0.1165909098E+01
      0.1990000000E+02      0.1508945388E+01
      0.2000000000E+02      0.7397695431E+00
      0.2010000000E+02     -0.1165904062E+01
      0.2020000000E+02     -0.2530539658E+01
      0.2030000000E+02     -0.1748716108E+01
      0.2040000000E+02      0.5908402665E+00
      0.2050000000E+02      0.2148574384E+01
      0.2060000000E+02      0.1508950641E+01
      0.2070000000E+02     -0.2428952698E+00
      0.2080000000E+02     -0.1017900783E+01
      0.2090000000E+02     -0.2991701153E+00
      0.2100000000E+02      0.4999989504E+00
      0.2110000000E+02      0.1511590028E+00
      0.2120000000E+02     -0.7737791730E+00
      0.2130000000E+02     -0.8751351974E+00
      0.2140000000E+02      0.4877751252E-01
      0.2150000000E+02      0.7911156177E+00
      0.2160000000E+02      0.5271878534E+00
      0.2170000000E+02     -0.4297147857E-01
      0.2180000000E+02      0.1464603946E+00
      0.2190000000E+02      0.7839434466E+00
      0.2200000000E+02      0.4941950493E+00
      0.2210000000E+02     -0.1064552711E+01
      0.2220000000E+02     -0.2283943643E+01
      0.2230000000E+02     -0.1417207853E+01
      0.2240000000E+02      0.1075051726E+01
      0.2250000000E+02      0.2781829334E+01
      0.2260000000E+02      0.2049996457E+01
      0.2270000000E+02     -0.2014764237E+00
      0.2280000000E+02     -0.1742898109E+01
      0.2290000000E+02     -0.1605606494E+01
      0.2300000000E+02     -0.7215272358E+00
      0.2310000000E+02     -0.1909842156E+00
      0.2320000000E+02      0.1464606532E+00
      0.2330000000E+02      0.9319514355E+00
      0.2340000000E+02      0.1742899191E+01
      0.2350000000E+02      0.1332165745E+01
      0.2360000000E+02     -0.4922543570E+00
      0.2370000000E+02     -0.2090845309E+01
      0.2380000000E+02     -0.1748715289E+01
      0.2390000000E+02      0.1511477285E+00
      0.2400000000E+02      0.1474926255E+01
      0.2410000000E+02      0.9165543225E+00
      0.2420000000E+02     -0.4768517553E+00
      0.2430000000E+02     -0.7839471403E+00
      0.2440000000E+02      0.2932245191E+00
      0.2450000000E+02      0.1173647300E+01
      0.2460000000E+02      0.5908536806E+00
      0.2470000000E+02     -0.7737767432E+00
      0.2480000000E+02     -0.1314826590E+01
      0.2490000000E+02     -0.6248709541E+00
      0.2500000000E+02      0.1987181853E+00
      0.2510000000E+02      0.2932307546E+00
      0.2520000000E+02      0.1909823223E+00
      0.2530000000E+02      0.7388552649E+00
      0.2540000000E+02      0.1457591750E+01
      0.2550000000E+02      0.9338898868E+00
      0.2560000000E+02     -0.1064549572E+01
      0.2570000000E+02     -0.2723634460E+01
      0.2580000000E+02     -0.2090856851E+01
      0.2590000000E+02      0.4826528887E+00
      0.2600000000E+02      0.2547871453E+01
      0.2610000000E+02      0.2283951117E+01
      0.2620000000E+02      0.3909201089E+00
      0.2630000000E+02     -0.1069249157E+01
      0.2640000000E+02     -0.1165912678E+01
      0.2650000000E+02     -0.7215255537E+00
      0.2660000000E+02     -0.6306753598E+00
      0.2670000000E+02     -0.5271874504E+00
      0.2680000000E+02      0.3395534888E+00
      0.2690000000E+02      0.1508941344E+01
      0.2700000000E+02      0.1566119986E+01
      0.2710000000E+02      0.1001420479E+00
      0.2720000000E+02     -0.1417196279E+01
      0.2730000000E+02     -0.1309021799E+01
      0.2740000000E+02      0.1511487704E+00
      0.2750000000E+02      0.1035235108E+01
      0.2760000000E+02      0.2429073212E+00
      0.2770000000E+02     -0.1069248493E+01
      0.2780000000E+02     -0.1017905147E+01
      0.2790000000E+02      0.5271771605E+00
      0.2800000000E+02      0.1766042299E+01
      0.2810000000E+02      0.1264502996E+01
      0.2820000000E+02     -0.3340816599E+00
      0.2830000000E+02     -0.1314824385E+01
      0.2840000000E+02     -0.1064562394E+01
      0.2850000000E+02     -0.4749298805E+00
      0.2860000000E+02     -0.2991665643E+00
      0.2870000000E+02     -0.4297552643E-01
      0.2880000000E+02      0.9728081100E+00
      0.2890000000E+02      0.2049986655E+01
      0.2900000000E+02      0.1607539318E+01
      0.2910000000E+02     -0.6248537966E+00
      0.2920000000E+02     -0.2723631664E+01
      0.2930000000E+02     -0.2530548780E+01
      0.2940000000E+02     -0.1909965330E+00
      0.2950000000E+02      0.1955473384E+01
      0.2960000000E+02      0.2049994127E+01
      0.2970000000E+02      0.6248745840E+00
      0.2980000000E+02     -0.4768536530E+00
      0.2990000000E+02     -0.4922643104E+00
      0.3000000000E+02     -0.2818312524E+00
      0.3010000000E+02     -0.6306728727E+00
      0.3020000000E+02     -0.9668784407E+00
      0.3030000000E+02     -0.3340949925E+00
      0.3040000000E+02      0.9165433420E+00
      0.3050000000E+02      0.1332162577E+01
      0.3060000000E+02      0.3340963631E+00
      0.3070000000E+02     -0.8248007463E+00
      0.3080000000E+02     -0.6353738011E+00
      0.3090000000E+02      0.5908424143E+00
      0.3100000000E+02      0.1035237610E+01
      0.3110000000E+02     -0.1967825235E+00
      0.3120000000E+02     -0.1742895716E+01
      0.3130000000E+02     -0.1610303277E+01
      0.3140000000E+02      0.2932181524E+00
      0.3150000000E+02      0.1999995177E+01
      0.3160000000E+02      0.1856898764E+01
      0.3170000000E+02      0.3395678874E+00
      0.3180000000E+02     -0.8751295955E+00
      0.3190000000E+02     -0.1064560169E+01
      0.3200000000E+02     -0.9146207461E+00
      0.3210000000E+02     -0.9728143189E+00
      0.3220000000E+02     -0.6353734662E+00
      0.3230000000E+02      0.7388493055E+00
      0.3240000000E+02      0.2283939405E+01
      0.3250000000E+02      0.2199935153E+01
      0.3260000000E+02      0.4879639950E-01
      0.3270000000E+02     -0.2283936300E+01
      0.3280000000E+02     -0.2530547026E+01
      0.3290000000E+02     -0.6306887111E+00
      0.3300000000E+02      0.1281824929E+01
      0.3310000000E+02      0.1457597078E+01
      0.3320000000E+02      0.3909174095E+00
      0.3330000000E+02     -0.2429003354E+00
      0.3340000000E+02      0.1001304108E+00
      0.3350000000E+02      0.3918174260E+00
      0.3360000000E+02     -0.1909778350E+00
      0.3370000000E+02     -0.9668757311E+00
      0.3380000000E+02     -0.7737861868E+00
      0.3390000000E+02      0.2428950027E+00
      0.3400000000E+02      0.7397651414E+00
      0.3410000000E+02      0.1001390287E+00
      0.3420000000E+02     -0.5908474326E+00
      0.3430000000E+02     -0.4297949913E-01
      0.3440000000E+02      0.1264490392E+01
      0.3450000000E+02      0.1474932646E+01
      0.3460000000E+02     -0.1967786511E+00
      0.3470000000E+02     -0.2182585609E+01
      0.3480000000E+02     -0.2283951695E+01
      0.3490000000E+02     -0.2991808502E+00
      0.3500000000E+02      0.1766036405E+01
      0.3510000000E+02      0.2090852282E+01
      0.3520000000E+02      0.9319636898E+00
      0.3530000000E+02     -0.2014805157E+00
      0.3540000000E+02     -0.6248654273E+00
      0.3550000000E+02     -0.9146178775E+00
      0.3560000000E+02     -0.1412504700E+01
      0.3570000000E+02     -0.1309021644E+01
      0.3580000000E+02      0.1464505388E+00
      0.3590000000E+02      0.2049980506E+01
      0.3600000000E+02      0.2433888705E+01
      0.3610000000E+02      0.6411928014E+00
      0.3620000000E+02     -0.1610286689E+01
      0.3630000000E+02     -0.2090852772E+01
      0.3640000000E+02     -0.6306871379E+00
      0.3650000000E+02      0.8421338905E+00
      0.3660000000E+02      0.7839498404E+00
      0.3670000000E+02     -0.2014796948E+00
      0.3680000000E+02     -0.4768586674E+00
      0.3690000000E+02      0.3340828167E+00
      0.3700000000E+02      0.9842122607E+00
      0.3710000000E+02      0.4826714061E+00
      0.3720000000E+02     -0.5271805395E+00
      0.3730000000E+02     -0.7737836126E+00
      0.3740000000E+02     -0.1967958759E+00
      0.3750000000E+02      0.6611756650E-01
      0.3760000000E+02     -0.4922582033E+00
      0.3770000000E+02     -0.8248057685E+00
      0.3780000000E+02      0.1909724553E+00
      0.3790000000E+02      0.1856884476E+01
      0.3800000000E+02      0.2148581841E+01
      0.3810000000E+02      0.2429176861E+00
      0.3820000000E+02     -0.2182581716E+01
      0.3830000000E+02     -0.2723642608E+01
      0.3840000000E+02     -0.9728299428E+00
      0.3850000000E+02      0.1173637768E+01
      0.3860000000E+02      0.1856894150E+01
      0.3870000000E+02      0.1165917112E+01
      0.3880000000E+02      0.3909146218E+00
      0.3890000000E+02      0.4878343091E-01
      0.3900000000E+02     -0.4749225612E+00
      0.3910000000E+02     -0.1412501278E+01
      0.3920000000E+02     -0.1748712275E+01
      0.3930000000E+02     -0.5271982685E+00
      0.3940000000E+02      0.1457581773E+01
      0.3950000000E+02      0.2199930608E+01
      0.3960000000E+02      0.8751467913E+00
      0.3970000000E+02     -0.1017891070E+01
      0.3980000000E+02     -0.1417204446E+01
      0.3990000000E+02     -0.1909931342E+00
      0.4000000000E+02      0.8421366723E+00
