      0.1384419896E+00      0.7270856044E+09
      0.4153259687E+00      0.7305707520E+09
      0.6922099478E+00      0.7411438489E+09
      0.9690939269E+00      0.7591665624E+09
      0.1245977906E+01      0.7852718438E+09
      0.1522861885E+01      0.8204134835E+09
      0.1799745864E+01      0.8659450424E+09
      0.2076629843E+01      0.9237402859E+09
      0.2353513823E+01      0.0000000000E+00
      0.2630397802E+01      0.9963753565E+09
      0.2907281781E+01      0.1087406726E+10
      0.3184165760E+01      0.1201803579E+10
      0.3461049739E+01      0.1346639145E+10
      0.3737933718E+01      0.1532235239E+10
      0.4014817697E+01      0.1774139874E+10
      0.4291701676E+01      0.2096727275E+10
      0.4568585656E+01      0.0000000000E+00
      0.4845469635E+01      0.2540186326E+10
      0.5122353614E+01      0.3175226179E+10
      0.5399237593E+01      0.4137414256E+10
      0.5676121572E+01      0.5719366566E+10
      0.5953005551E+01      0.8672564551E+10
      0.6229889530E+01      0.1555438241E+11
      0.6506773509E+01      0.4152220395E+11
      0.6783657489E+01      0.9247815022E+12
      0.7060541468E+01      0.0000000000E+00
      0.7337425447E+01      0.4704208204E+11
      0.7614309426E+01      0.4319908867E+10
      0.7891193405E+01      0.1808372625E+10
      0.8168077384E+01      0.5985261129E+10
      0.8444961363E+01      0.2576625749E+11
      0.8721845342E+01      0.2614680512E+12
      0.8998729322E+01      0.5652827419E+12
      0.9275613301E+01      0.0000000000E+00
      0.9552497280E+01      0.5852218439E+11
      0.9829381259E+01      0.2251573327E+11
      0.1010626524E+02      0.1228659132E+11
      0.1038314922E+02      0.7889368636E+10
      0.1066003320E+02      0.5564777281E+10
      0.1093691718E+02      0.4172717191E+10
      0.1121380115E+02      0.3266570762E+10
      0.1149068513E+02      0.2640406246E+10
      0.1176756911E+02      0.0000000000E+00
      0.1204445309E+02      0.2187838028E+10
      0.1232133707E+02      0.1849096908E+10
      0.1259822105E+02      0.9278738837E+12
      0.1287510503E+02      0.1382753172E+10
      0.1315198901E+02      0.1217791505E+10
      0.1342887299E+02      0.1083127314E+10
      0.1370575697E+02      0.9716532192E+09
      0.1398264095E+02      0.0000000000E+00
      0.1425952492E+02      0.8782483889E+09
      0.1453640890E+02      0.7991461246E+09
      0.1481329288E+02      0.7315232060E+09
      0.1509017686E+02      0.6732279922E+09
      0.1536706084E+02      0.6225961554E+09
      0.1564394482E+02      0.5783231006E+09
      0.1592082880E+02      0.5393739126E+09
      0.1619771278E+02      0.0000000000E+00
      0.1647459676E+02      0.5049186793E+09
      0.1675148074E+02      0.4742853048E+09
      0.1702836472E+02      0.4469245871E+09
      0.1730524870E+02      0.4223840362E+09
      0.1758213267E+02      0.4002880075E+09
      0.1785901665E+02      0.3803224631E+09
      0.1813590063E+02      0.3622231631E+09
      0.1841278461E+02      0.3457664291E+09
      0.1868966859E+02      0.0000000000E+00
      0.1896655257E+02      0.3307618572E+09
      0.1924343655E+02      0.3170465215E+09
      0.1952032053E+02      0.3044803291E+09
      0.1979720451E+02      0.2929422717E+09
      0.2007408849E+02      0.2823273794E+09
      0.2035097247E+02      0.2725442315E+09
      0.2062785644E+02      0.2635129095E+09
      0.2090474042E+02      0.0000000000E+00
      0.2118162440E+02      0.2551633043E+09
      0.2145850838E+02      0.2474337104E+09
      0.2173539236E+02      0.2402696507E+09
      0.2201227634E+02      0.2336228913E+09
      0.2228916032E+02      0.2274506111E+09
      0.2256604430E+02      0.2217146995E+09
      0.2284292828E+02      0.2163811589E+09
      0.2311981226E+02      0.2114195963E+09
      0.2339669624E+02      0.0000000000E+00
      0.2367358022E+02      0.2068027877E+09
      0.2395046419E+02      0.2025063047E+09
      0.2422734817E+02      0.1985081920E+09
      0.2450423215E+02      0.1947886904E+09
      0.2478111613E+02      0.1913299955E+09
      0.2505800011E+02      0.1881160489E+09
      0.2533488409E+02      0.1851323568E+09
      0.2561176807E+02      0.0000000000E+00
      0.2588865205E+02      0.1823658313E+09
      0.2616553603E+02      0.1798046522E+09
      0.2644242001E+02      0.1774381457E+09
      0.2671930399E+02      0.1752566785E+09
      0.2699618796E+02      0.1732515652E+09
      0.2727307194E+02      0.1714149863E+09
      0.2754995592E+02      0.1697399169E+09
      0.2782683990E+02      0.1682200641E+09
      0.2810372388E+02      0.0000000000E+00
      0.2838060786E+02      0.1668498125E+09
      0.2865749184E+02      0.1656241756E+09
      0.2893437582E+02      0.1645387547E+09
      0.2921125980E+02      0.1635897026E+09
      0.2948814378E+02      0.1627736924E+09
      0.2976502776E+02      0.1620878915E+09
      0.3004191174E+02      0.1615299387E+09
      0.3031879571E+02      0.0000000000E+00
      0.3059567969E+02      0.1610979266E+09
      0.3087256367E+02      0.1607903862E+09
      0.3114944765E+02      0.1606062763E+09
      0.3142633163E+02      0.1605449752E+09
      0.3170321561E+02      0.0000000000E+00
      0.3198009959E+02      0.0000000000E+00
      0.3225698357E+02      0.0000000000E+00
      0.3253386755E+02      0.0000000000E+00
      0.3281075153E+02      0.0000000000E+00
      0.3308763551E+02      0.0000000000E+00
      0.3336451948E+02      0.0000000000E+00
      0.3364140346E+02      0.0000000000E+00
      0.3391828744E+02      0.0000000000E+00
      0.3419517142E+02      0.0000000000E+00
      0.3447205540E+02      0.0000000000E+00
      0.3474893938E+02      0.0000000000E+00
      0.3502582336E+02      0.0000000000E+00
      0.3530270734E+02      0.0000000000E+00
      0.3557959132E+02      0.0000000000E+00
      0.3585647530E+02      0.0000000000E+00
      0.3613335928E+02      0.0000000000E+00
      0.3641024325E+02      0.0000000000E+00
      0.3668712723E+02      0.0000000000E+00
      0.3696401121E+02      0.0000000000E+00
      0.3724089519E+02      0.0000000000E+00
      0.3751777917E+02      0.0000000000E+00
      0.3779466315E+02      0.0000000000E+00
      0.3807154713E+02      0.0000000000E+00
      0.3834843111E+02      0.0000000000E+00
      0.3862531509E+02      0.0000000000E+00
      0.3890219907E+02      0.0000000000E+00
      0.3917908305E+02      0.0000000000E+00
      0.3945596703E+02      0.0000000000E+00
      0.3973285100E+02      0.0000000000E+00
      0.4000973498E+02      0.0000000000E+00
      0.4028661896E+02      0.0000000000E+00
      0.4056350294E+02      0.0000000000E+00
      0.4084038692E+02      0.0000000000E+00
      0.4111727090E+02      0.0000000000E+00
      0.4139415488E+02      0.0000000000E+00
      0.4167103886E+02      0.0000000000E+00
      0.4194792284E+02      0.0000000000E+00
      0.4222480682E+02      0.0000000000E+00
      0.4250169080E+02      0.0000000000E+00
      0.4277857477E+02      0.0000000000E+00
      0.4305545875E+02      0.0000000000E+00
      0.4333234273E+02      0.0000000000E+00
      0.4360922671E+02      0.0000000000E+00
      0.4388611069E+02      0.0000000000E+00
      0.4416299467E+02      0.0000000000E+00
      0.4443987865E+02      0.0000000000E+00
      0.4471676263E+02      0.0000000000E+00
      0.4499364661E+02      0.0000000000E+00
      0.4527053059E+02      0.0000000000E+00
      0.4554741457E+02      0.0000000000E+00
      0.4582429855E+02      0.0000000000E+00
      0.4610118252E+02      0.0000000000E+00
      0.4637806650E+02      0.0000000000E+00
      0.4665495048E+02      0.0000000000E+00
      0.4693183446E+02      0.0000000000E+00
      0.4720871844E+02      0.0000000000E+00
      0.4748560242E+02      0.0000000000E+00
      0.4776248640E+02      0.0000000000E+00
      0.4803937038E+02      0.0000000000E+00
      0.4831625436E+02      0.0000000000E+00
      0.4859313834E+02      0.0000000000E+00
      0.4887002232E+02      0.0000000000E+00
      0.4914690629E+02      0.0000000000E+00
      0.4942379027E+02      0.0000000000E+00
      0.4970067425E+02      0.0000000000E+00
      0.4997755823E+02      0.0000000000E+00
      0.5025444221E+02      0.0000000000E+00
      0.5053132619E+02      0.0000000000E+00
      0.5080821017E+02      0.0000000000E+00
      0.5108509415E+02      0.0000000000E+00
      0.5136197813E+02      0.0000000000E+00
      0.5163886211E+02      0.0000000000E+00
      0.5191574609E+02      0.0000000000E+00
      0.5219263006E+02      0.0000000000E+00
      0.5246951404E+02      0.0000000000E+00
      0.5274639802E+02      0.0000000000E+00
      0.5302328200E+02      0.0000000000E+00
      0.5330016598E+02      0.0000000000E+00
      0.5357704996E+02      0.0000000000E+00
      0.5385393394E+02      0.0000000000E+00
      0.5413081792E+02      0.0000000000E+00
      0.5440770190E+02      0.0000000000E+00
      0.5468458588E+02      0.0000000000E+00
      0.5496146986E+02      0.0000000000E+00
      0.5523835384E+02      0.0000000000E+00
